-4.454488993856810453e+01
-1.176437773860974012e+01
-3.293980036124313227e+00
-8.854002040772153137e-01
-3.206063634312722233e+00
-6.245634705073698001e+00
-5.245249332191198732e+01
-1.258538050534596886e+00
-6.418177608904058751e+00
-1.366728794957704718e+00
-1.274668353424543099e+00
3.824742368655210001e+00
-4.846566420516419527e+01
7.008339063584828921e+01
-1.040426814156591639e+01
-1.910759831674543108e+01
-5.365575993196891602e+00
-1.074392267048859040e+00
-3.575984041290297455e+00
2.398262495951132109e+02
-1.337830990427975264e+00
9.827767010213908350e+01
-4.072475439900373750e-01
-4.852694336858112223e+01
5.170929379400106427e+02
-2.650689446569727270e+00
-3.184662897240412960e+00
-4.457986888362935218e+01
4.323101400016353750e+02
-1.114308460245155885e+01
-2.609637772050086735e+00
-4.668605976068815977e+01
-5.898433967763229147e-01
-1.697298197276358556e+00
-1.783452830037342229e+00
-4.106936555686200307e+00
-4.873573980808148520e-01
-5.539598849536386121e-02
-9.866465799906317669e-01
1.472203278440553902e+02
-1.255302592944695039e+00
4.622590466019195787e+02
-1.221555336742877473e-01
7.769595221171636013e+01
-5.713543236544312620e+00
-5.218967474188267452e-01
-5.815349197432166939e-01
-3.716183402222901666e+00
6.307156824690338226e+02
-8.433940449840060527e-02
-2.455701337683346086e+00
-4.823033578299894941e+01
6.824383721443886941e+01
-2.869900839010226790e+01
-2.190533162197087158e+00
-4.169187377749860701e+00
-3.373624668499208834e+00
8.655377168964993473e+01
-3.905329525259435997e+01
8.661462152421636063e+01
-3.910510099879316925e+01
-5.207452750456690316e-01
1.494109647532339977e+02
1.547551315077750758e+02
-4.544452112431800117e+01
-2.301140727416584930e+00
-1.505025836659725558e+00
-4.849541830102563722e+01
-1.818150689049305058e+01
1.375799232459971790e+02
-4.523529305234652576e+00
-4.636477733860934336e+01
-4.717640507412284023e+01
4.446620424993438792e-02
-2.460774297035688729e+00
-8.368803741865026291e-01
-2.030027464794728065e-01
-4.903668456865572267e+01
-2.233892076309733632e+00
-1.099161224837015949e+00
4.099294761006457577e+01
-4.751539192501952868e+01
-1.648024919531031696e+00
1.011442021835425606e+02
-4.788424166950486338e+00
-9.394146236393047245e-01
-4.754621799340767296e+01
-4.727131315388507460e+01
-1.899804324949493051e+01
-1.446177692218172162e+00
-4.735375881108881657e+01
-4.573679461788786682e+01
-4.494979087782242289e+01
-4.048363274461359573e-01
-1.485231086011073032e+01
-4.637931954092474029e+01
-2.293558519890966096e-01
-1.228468392210305543e-01
-4.852939362897126241e-01
-1.440092288891891847e+01
-3.555668805233483720e+00
-5.053668833350502609e+01
-4.250017512168926537e+00
-1.991018540681423893e-02
-4.940446933612999691e-01
-6.751383077964500323e+00
-9.559226947180352596e-01
-3.931656061317513107e+00
-2.199968027890156774e-01
-1.252745673210993838e+00
-6.263421133987879807e-01
1.135053126143747306e+02
-1.682714300300837129e+00
-4.565984826290927856e+01
-1.164756443294063182e+01
-8.100249472125333750e-01
-3.599236407352022660e+00
-4.692960730394919011e+01
1.067242900294694152e+02
-2.433060571404701999e+00
-1.151566375811942544e+00
-2.422656099468706303e-01
-1.640720686678600160e+01
-2.683025817480399056e+01
-4.627869651980486054e+01
-5.093644324932040490e+01
7.792133629953598373e+00
8.037027349992902359e+00
-3.013441303670165716e+00
6.461158007916448298e+01
-2.766491834725895327e+00
-4.751173695089463678e+01
-5.066024747758740565e-01
1.517385757107258826e+01
-4.855876222736800685e+01
-7.384913490661104696e+00
-2.134861060852696113e+00
-2.307585064681257592e+01
-4.745641423987665064e+01
-4.683125489573019706e+01
-2.157733711600596571e+00
-5.106172178169413201e+01
-3.866205196995154125e+01
-2.894631631888507917e-01
-2.020466311941310877e+00
-5.720824472702342511e+00
-1.252713784397415964e+01
1.526129509903150172e+01
-1.639660973719691828e-01
-6.184933810371619212e-02
-1.804968372729377490e+00
-4.880876840768932468e+00
-8.002565111851535073e-01
-2.966316289245765958e+00
-8.728777366758221079e-02
-3.200729645021699876e-01
-9.988143630576422627e-01
8.112153059513401843e+01
-5.477995649613663920e-01
-6.519643484293642377e-01
-2.206771283231767633e+00
-4.777856452346526339e+01
-4.634354344634802558e+00
4.411911886059360910e+00
-4.790693367384982082e+00
-2.952552531604901165e-01
-5.248587390963320720e-01
-6.227908454108328495e-01
-5.375291990970618272e+00
-5.003084309070288116e-01
3.760281315725370632e+02
-1.306555187550606156e+01
-4.570046424302989863e+01
-4.707208797545262335e+00
-4.631530313214546446e+00
-7.397092757277158093e+00
-6.337372776457739221e+00
-3.786729037697286060e+01
-7.065212883054498683e+00
-3.752613045233130773e+00
-4.819465325173983672e+01
-1.061239090239191496e+00
-3.996513050860971195e+00
-6.375105723610897002e+00
-4.608647292855987843e+00
-1.055140990764801695e-01
-4.624872872206274188e+00
-1.294785314386290409e+00
-9.971395729776412864e+00
-1.065109701050483970e+00
-3.246797286722200582e+00
-2.313766885812690788e+01
-6.499319427916280034e+00
-4.596564061012490754e+01
-2.992881564488333090e+00
-1.527024043754336535e+00
1.102000478015562948e+02
-6.741949225761057818e+00
-3.132345912010053635e+00
-4.696118652074893873e+01
-1.573239692301891646e+00
6.606431364260157579e+01
-1.192405473848296005e+01
-3.264847975465132279e+00
5.463115941119027319e+00
-9.930458843003153291e+00
-6.065880102264739060e-01
-5.131310791085504919e-01
-3.561526376767812962e+01
-7.019840039087190675e-01
-3.210500376932862721e-01
-6.438290771355403841e+00
-4.931309473845627878e+01
-9.849011846082479371e-01
-3.943070056843674731e+00
4.878151776093251790e+00
-3.136791428649268187e+00
-2.588265205383006773e+01
-3.659488505840530337e+01
-7.836140807106943829e-01
-6.616646592861329390e-01
-2.069261346891416053e+00
6.145493508064625132e+00
-6.762194845254554387e+00
2.559451031397047984e+02
-5.897862509939271192e-01
-1.552796810776707614e+00
-2.921696311138243907e+00
-3.138913487927824431e+00
5.811663721539481742e+01
-5.407358374438342441e-01
-5.362790383137952865e+00
-4.807259713742830343e+01
-2.503081340695973100e+00
-2.516428382582424739e+00
-2.644450469664130665e+00
-6.450497685829859940e+00
-4.891160747078119897e+01
-1.263736202462540925e+00
-3.943891490844975700e-01
3.076808162752313058e-01
-4.855804047499900378e+01
-2.780590302450949736e+00
-4.724864960607447983e+01
-4.890593581265252965e+01
-4.607993140825019651e+01
-4.536833255341394988e+01
2.632378905701526151e+02
4.138934162454086874e+01
-9.149824785278676487e+00
-1.034669199158874520e+01
-4.904371245481271302e+01
-5.551096391860682822e+00
-4.936438508883322385e+01
-4.926791707451441127e+00
-3.255702100896603213e+01
-4.638754897104671926e+01
-4.367794220060673971e-01
-1.077728427739157624e+01
-8.860589828291066672e-01
-5.065231369137589645e+00
-5.150595930707900116e+00
-3.877656274373657563e-01
-3.469329879724587062e+00
-4.942210649522442267e+00
-2.807648769794308663e+00
-2.896206365937174709e+01
-1.614507403612034098e-01
-1.103912156846597981e+01
-3.101675515100077885e+00
6.674799919453271890e+00
-3.702384563566550213e+01
-2.034554254657414685e+00
-4.401671259842478889e+01
5.705853384227972214e+01
-5.922653422065790041e-01
-3.518467883480989933e+00
-4.467378213536549736e-01
-3.526820058487559351e+01
-7.520618250159698537e-01
-5.234739265675789621e-01
-3.296638668627417390e-01
-4.861436126461616425e+01
2.753840902239024402e+01
-4.408438305865921003e-01
-1.419966088417419503e-01
-1.289585494347876615e+00
-1.571285821071301569e+01
-5.158475823086694056e+00
-4.940624763810965447e+01
-4.639062837554737939e+01
-3.893219609818725502e+01
-6.998678573895957822e-01
-4.738187679042931560e-02
-3.047648905515114137e+00
-9.867785286966524794e+00
-4.699908986694628643e-01
-2.192558257870498650e+01
-1.281414121159777597e+00
-5.326559566406864121e+00
-8.950163991417712239e+00
-3.707262158577655509e-01
-3.756528018295023230e+01
-4.627181255859188269e+01
-5.989692966443227462e-01
-4.132196499556417102e+00
-3.344136578452207575e-01
4.682116516005107769e+02
-5.741331352392634813e+00
-1.655258247909090930e+00
-4.278245606417397262e+00
2.572552511384596983e+02
-1.825860988706829335e+00
-2.723194885688022884e-02
-4.827443794530278609e+01
-1.962640843333613327e+00
-3.198922478364982780e+00
-2.942983005701813037e-01
-1.841372978792601645e+00
-4.053172384887187896e+00
-3.672777607440170566e+00
-6.102929292016987972e+00
-1.128812772247162366e+00
-1.978237880025225159e+00
-3.582094450937120200e+01
-1.062321645756496569e+00
-7.383648911634524969e-01
-3.259019414836656914e-01
-5.194988833220909896e+01
-4.568967325051885298e-01
-7.516377748419550642e+00
-3.774614546028457340e+01
-1.060500504525196064e+01
2.839420992260360421e+01
-8.514677197144494558e-01
-3.861623401397519917e+00
-2.468068810227156362e+01
-5.032437833489647971e+01
-2.111568523688016619e+00
1.607064949846196953e+02
-4.393971896940985777e-01
-4.592659835382693068e+00
1.880694321635802737e+02
2.756235618372984675e+01
-5.204891656658331422e-01
-4.075033416684777698e+00
-5.065683238773583241e+01
-5.144320636510832401e+01
-1.321106125721889013e+00
-6.141425429680096748e+00
-4.506437869385809591e+01
-3.672890926583005200e+00
-3.852591586796223488e+00
-4.607273788815398063e+01
-4.851065598804117293e-03
-1.013343256872022558e+01
-8.195288538752514007e-02
4.373514526315323003e+00
-5.118820591208780080e+00
-4.686217764051704648e+01
-4.939566696508061483e+01
-4.702333373286571572e+01
-3.137752476275146307e+00
-2.556885691947181183e+00
-3.177524110734166740e+00
-2.834637276259626137e+00
-5.348990921518232966e-01
-4.761090311620917248e+01
-4.604605321863821388e+01
-8.771489276359029086e-01
-7.184759460718585622e+00
-3.284157193015304621e+00
1.139432283286563496e+01
-8.433116125669856689e-02
-3.392307864208610191e+00
-4.027413993380752899e+00
3.349659671982939102e+01
-1.598165471825229167e-01
-4.640186894129397643e+01
-5.888466957978313321e-01
-2.134551040517129294e+00
-8.638906764477096711e-01
-1.697493423175718830e+00
-2.124207380195409223e-01
-2.695579303673515614e+00
3.112423042436830656e+00
-5.012293642582186237e-01
-3.995917215168400816e+01
-5.388001882111175256e+00
-4.488875235179181544e+01
7.026696545522828785e+01
-3.414723148772309091e+00
-2.040441827030054500e-01
-3.555294090550483954e+00
-7.293760654054953996e+00
-1.080586943950353929e+00
-4.856727926440839838e+01
9.894575303029817803e+01
-6.001231397788642674e+00
-5.178322725087044498e-01
-1.026438514134751756e+01
-5.249651556993165258e+01
-5.129726738804661901e-01
-4.169615480839888311e-01
-2.221857064494370704e+00
-2.471988049512078067e+00
-4.616717702050488725e+01
-2.832200580591251349e+00
2.894541026794738059e+02
-4.695577839442012902e+01
-3.606017548144925655e+01
-4.594286319851184430e+01
-1.055570493088143547e+00
-4.503705441317880087e+01
-2.025486625691107534e+01
-4.874112446939907528e+01
-4.694248524547201540e-01
-2.165940208097285158e+00
-9.266622725715475184e+00
-2.093642747252552283e+00
-4.928337427271007876e-01
-2.290602495836536079e+01
-3.204135258829463595e+00
-9.229569563250280551e-01
-3.553633138139611347e-01
-3.760523050732717110e+01
-4.978520106551039248e+01
-4.758547614813675608e+01
-3.522835303771906013e+00
1.506257671145794852e+01
-2.488074654025661303e+00
-1.446204076237507907e+00
-4.811796053626338776e-01
-2.680376840735390509e+00
-4.834458467195524634e+01
-4.150964175036900627e+00
-3.590548433645532334e-01
-4.851569083767898150e+01
-1.026747771824521482e+00
-1.054547830811169007e+01
-5.596150389654991342e-01
-4.543719892935849458e+01
-1.797371842733589686e-01
-2.303328787152087642e+01
-3.447616157765234224e+00
-3.026736802086102518e+00
-1.142514660349530198e+00
-3.660555643975290252e+01
2.114476459368241912e+00
-2.044828406744744864e+00
-1.838618640255609837e-01
1.706446246214313760e+02
-3.582372292499092481e+01
6.573743699496617410e+00
-2.035242531916682918e+00
7.970321848705749801e+01
1.371115826070786170e+01
-1.122459858682283818e+00
-4.908366483157570737e-01
-8.348900158920482539e-01
-9.164803694698328229e+00
-7.797455984085301939e-01
-1.958968158111058244e+01
-6.245038115345693974e+00
-4.120000499446692110e+00
-4.644710427905654626e+01
-5.110557417079044029e+01
-4.803152779560046781e+01
1.241499834101594928e+02
-1.068621207865393524e-01
-5.009113636743469300e+01
-5.184622301190119487e+01
-3.609377381190749912e+00
-2.863258772161138666e+00
-3.074941127240706340e+00
-1.024042137798214513e+00
-4.797025690443902590e+01
-1.002385953889334935e+00
-1.292884580270049710e+00
-2.570094448935110742e-01
-2.117974980599215851e+00
-2.060656982947820515e-01
-4.738763735120691223e+01
-1.754564601153360826e-01
-2.335141717044506571e-01
-2.288056731007821920e+00
-4.871758414951827820e-01
-2.278992127813575408e+00
-4.650299076634890838e+01
-3.924157360522148963e+01
-1.690833590553128207e+00
7.932678390743433283e+01
-1.307367466165794800e+00
-5.213051586137487092e-01
-3.934604101048186475e+00
-5.374668299542282313e-01
-1.875029746040453027e-01
4.433281988706550578e+02
-1.888206938038747840e-01
-3.864211392905425591e+00
-1.234443448151168188e-01
-2.348029229522718087e+00
-4.732873344563376938e-01
-1.022261728941578696e+01
-3.652402423181627666e-01
-6.433576271487203790e+00
-4.860822373121642670e+01
-5.259740614917407520e-01
-3.229722800350908418e+00
-4.723970050503265128e+01
4.086082281903448177e+01
-6.578894129340252528e-01
-4.900669706371999013e+01
2.410841741194443273e+02
-6.725866268065348041e-01
-6.124733553614758463e-01
-1.219298322224682485e+00
-3.228118821826179818e+00
-4.465637937762420018e-01
-1.076805123174337186e+00
-4.687110356852034476e-01
-4.577969942522432945e+00
-5.263560410756550567e+01
-9.111491585086525902e+00
-1.205162902608309494e+00
-8.892309332314939085e-02
-1.676541803936288377e-01
-4.861444742224687587e-01
-2.694037403736050384e-01
-1.723636862484781096e+00
-4.428563354183411294e-01
-1.642038188554752476e-01
-1.505312015059549591e+00
3.178299368043974865e-02
-4.127709570268887518e+01
-5.844047333042482473e-01
7.927038023438772729e-01
-1.579647694076597553e+01
-1.342797145559903038e-01
3.458932192138032935e+00
-2.534118520879155678e+00
-1.379007350712215363e+00
1.208481041248553467e+01
-4.773331290008529493e+01
3.503425384297434420e+01
-7.762409243352640376e-01
-9.077235727450734537e-02
-7.376455432026281400e+00
5.741009303073608407e+02
5.342921567396837190e+02
2.752492209134486529e+02
-4.891431568868511448e+01
1.771836495832224614e+02
4.271589417676371880e+01
-3.705173145467711704e-01
-4.761939257991036811e+01
-4.693240989842954036e+01
6.689263821542672872e+01
1.845997147316743963e+02
-4.780343117266460951e+01
-8.333741635486344279e+00
-3.735986099707744756e+00
3.251445729142781005e+01
1.721749972176158110e+02
4.240625073910232246e+00
-4.806026298401950214e+01
-4.698642907988053707e+01
7.452819132683110581e+00
-2.601546774494422287e+00
-1.894785353912368520e-01
-3.991994248907925424e+01
-5.125593860440280203e+00
-4.188406744668341730e+00
-5.131942367620675327e+01
-1.004225147145067609e+01
-2.912413594915028714e+00
-5.391695822846501507e+00
8.543509139853165379e+02
5.054619728387019961e+01
-4.771406747746107868e+01
-5.306797359364744393e-01
-6.724717258099889294e-01
-5.045598723841514754e+01
7.329951665911552894e+00
-5.230790154110049883e+01
1.314546551128445060e+02
-3.357945690829146068e-01
-5.124218411281155028e+01
-4.994681661967389630e+01
1.239033282626337353e+02
-5.052066423925746363e+01
-5.052879587860676924e-01
-4.131326797838738685e+01
-7.016389410998715270e+00
-2.074767752831676049e+01
-2.310616640808762945e+00
-5.683646336179187797e-01
-4.767191687599240879e+01
-4.691855264395576341e+01
-4.782126520213223841e+01
9.053484903318717159e+01
-2.434842775532841674e-01
-9.198342402906693138e+00
-5.707258400931678466e+00
-8.270797271720505606e+00
-7.877993114821455478e+00
-4.470181517287654671e+00
-3.065282486610013990e+01
2.022237384228837342e+01
-5.303554286349310143e-01
-1.895105052345761543e+00
-5.098873885320567845e-02
-4.948381598882637888e+01
-3.071504123913219697e+00
-5.966558554176375484e-01
-3.246025764120463286e+00
-1.201993087140987448e+01
-1.629474661563083870e+01
7.446747258874966136e+00
-4.765561629102369068e+01
-4.741487830321491970e+01
-3.800869152616440649e-01
-5.125023041132985924e+01
-3.208089059704968804e+01
-1.785298835821376162e+00
-1.195395052611499942e+01
-4.856905795186061425e+01
5.990324913770309401e+00
-5.368783637538202536e-01
-8.024469952983501742e+00
-4.845963401425510853e+01
2.893237530207441921e+01
1.180390435735644559e+02
-5.035919133943124137e+01
-3.917726351861250578e+01
-4.816542293639703587e+01
5.174253426049660476e+01
8.841336203118596870e+01
-2.687417663553272718e+00
-3.965971675378674632e+01
1.158891254985732466e+01
1.180521644470482698e+02
1.479274266984842541e+02
-1.378620789419606085e+00
-4.697476155873619774e+01
-4.898038844651778589e+01
-8.160407964498789468e+00
-1.166776973712086907e+01
3.812716592474144761e+01
6.385294117568139427e+02
2.144006778897381480e+02
-1.126616436422873591e+01
1.896930705615903435e+03
2.866589902322069179e+02
1.420476645592773313e+00
-3.599876729291775490e+01
2.430929207882867900e+02
-4.434956038412299506e+01
-4.781944119237167001e+00
1.432470696965673529e+00
-7.945883184993817849e+00
5.878489970785207674e+01
-5.270236146885447681e+01
-4.718141698866121203e+01
-3.571544147263018831e-01
-4.887128447603319614e+01
-4.742982316821679944e+01
-4.980741407937608756e+01
-4.919721195524272161e+01
-8.079435789350756236e-01
-2.887865174083968922e-01
-4.780579057593388370e+01
-2.483863016734688400e-01
-1.360648650534970860e+00
-4.491822574858293504e-01
-7.579269676869734851e-02
-2.307963938870432052e-01
3.114933816519985577e+00
-2.310445319407013542e+01
-4.787422172060466607e+00
-3.561602996709319346e-01
7.105420926792118053e+01
-2.429979237504325429e+00
-5.411602986797436010e+00
-8.539848001122222199e-01
2.086746467546966688e+00
1.025024403609982500e+02
-2.245853737348706147e+01
-1.174545761698358959e+01
3.620758441465133926e-01
1.144790826913719073e+01
-2.308676858569494783e+00
-3.041474612485669482e+01
-1.766731835199512046e+00
-1.691791597695447891e+01
-4.955418885051741995e+01
-5.139696584799617796e+01
-5.218282359758942057e+00
1.148248032975735189e+00
3.378360101287495532e+00
4.729439876162133238e+00
-2.617050930673452314e+01
-5.054412673470755735e+00
1.066557973282669849e+02
-4.747176406610226707e+01
-1.822685557090657227e+01
-5.078109366071301167e+01
-5.002867766326787802e+01
-6.611836510901377473e+00
-2.609134097275131570e+00
-1.736911800487263013e+00
5.429438464138613973e+00
-5.465197019752998209e+00
-1.759530513639146676e+01
-1.480090160084616135e-01
-6.184543145560345012e-01
-2.153046342521335177e+01
-2.966354064311952143e+00
