3.667657704527214690e+01
1.061499345006283335e+02
5.859048309841517010e+01
1.371275176928701001e+02
4.108762394502580406e+01
1.549272135910830457e+02
5.664816438573500790e+01
-2.281840043023168718e+01
-4.994243039948405993e+01
1.308382581141408174e+01
-4.871387868936437116e+01
6.093419686435497340e+01
-9.006643423807765281e-01
4.564823846439949762e+01
7.503418880124914203e+00
-9.833865557556489279e+00
1.031633309485125380e+02
-4.371676423668449019e+01
3.872739043121404734e+01
3.660129632600965266e+01
-4.664476580981344966e+01
1.260529057641836914e+02
-2.625740375889980882e+01
-4.772076935900175698e+01
5.281703449686817464e+01
-5.053397272408236773e+01
-5.410766625766920690e+00
6.021688750162955017e+01
-4.551447644945367443e+01
-1.116970555743952787e+01
6.690082382757393020e+01
-4.833518705534777382e+01
-3.121863961427465473e+00
2.252019626122752527e+00
-3.480642405966002428e+01
5.060177150570815030e+01
6.038495136103303196e+01
-1.907771533432836675e+00
-5.114984293315252728e+01
-4.384341767506041521e+01
3.982556602450116401e+01
-1.335037881131265891e+01
-3.092908029744036469e+01
1.124731370981043739e+02
5.802098868887070893e+01
-4.902018937772637486e+01
-4.822685633841646080e+01
7.363203322217245272e+01
-2.211691282247278423e+01
3.700491779253321312e+01
-7.598345198047283588e+00
-5.143506268722205732e+01
-4.517144213706771438e+01
3.895694944948758831e+01
-3.382667638875648208e+01
-1.885399740893381448e+01
-1.140872778344714966e+01
-2.324025763109830933e+01
5.848474708184779658e+00
6.004083587644807807e+01
1.345061677845860970e+02
8.120053960015808059e+01
7.855537574924466071e+01
1.185837982428243009e+00
3.901985416703393383e+00
-4.844556525102921540e+01
-8.871275730055154796e+00
-4.100274407878855953e+01
3.258555724816286414e+01
-3.378162401034257911e+00
-9.153465506136051477e-01
9.704111562399891966e+01
-9.193668222409746571e-01
-3.232723571303202448e+01
7.383399777586826929e+01
7.044884458797575633e+01
-4.856631037362177494e+01
-4.686430511463220938e+01
7.065786437574772094e+01
1.172032964363968510e+01
1.844392856196138020e+00
8.081438847428043459e+01
1.706747332077689236e+02
1.291010075937635122e+02
9.259286994502758716e+00
5.464529559710789641e+01
1.380136768888006316e+01
6.986682082109621383e+00
6.928269962334593401e+01
-4.566855258550857144e+01
6.164302095720645269e+01
6.179476088060759054e+01
-3.537262951216682438e+01
-7.447336712205350651e+00
-4.121065456110811209e-01
-4.815205853848932804e+01
7.732886719073017900e+01
-4.710273000115532227e+01
-4.951040491823704315e+01
1.199133798424060444e+02
8.915019672899019554e+01
5.262373980180200306e+01
-9.670196407427287255e-01
-4.866367679476419994e+01
-9.198590721451000984e-01
7.160578330938808911e+00
-4.726382009648113325e+01
4.833839006621732182e+01
-1.025491596223520041e+00
-4.944888676059784416e+01
4.559697278521595898e+00
-5.139823444586231460e+01
-6.200612303471319642e+00
-4.846757822103394631e+01
-7.085984921918286439e+00
3.807471958377141164e+01
-4.691654965883854089e+01
5.476854055728368564e+01
7.203913598431096688e+00
-1.972548965792950071e+01
8.700725704836341379e+01
-4.590668459734836659e+01
3.706416428712673650e+01
-2.708624007745568107e+01
-1.380353381079828079e+00
-4.830766396310785638e+01
-5.160868019176967891e+01
-4.286379750128277522e+01
-4.879773410554610535e+01
-4.620645857169060378e+01
8.005747922778753889e+01
-9.993634741269117328e-01
-4.959480629873858248e+01
-3.574904708235361550e+00
6.218110870802281198e+01
1.713804711527966873e+01
-6.133060338394525912e-01
1.945404112836826727e+01
2.332756348628840737e+00
6.852312597123402327e+01
7.483472431108532419e+01
-5.121088829961857414e+01
6.168226148183778790e+00
4.169702300223711688e+01
6.345216383251360526e+01
4.753394949455733709e+00
-1.995822615095366626e+00
8.343211195432431282e+01
-2.847833123207610839e+01
6.365833204475633167e+00
-2.792814785251775689e+01
4.686463730226589064e+01
3.532604004241682816e+01
7.858790353144344465e+01
-1.832756694612907689e+00
6.283281407805334595e+01
4.630504294383591457e+01
-4.996917866381225082e+01
-5.163854376301830484e+01
9.297420641725986457e+01
9.673568429099059784e+00
-5.138626828612346031e+01
-9.874914624238683158e-01
5.736132199546571719e+00
1.238560173672025400e+02
4.088700924152321114e+00
-2.793773706084905228e+01
-5.150496686029243421e+01
1.216574952551680440e+02
1.143691246515776783e+02
6.142449938224141093e+00
-9.275310042188099624e-01
8.151522756678767223e+01
3.320516102329735375e+00
-2.668790103534056968e+01
-9.770193943585990581e+00
8.577178533094171087e+01
4.904936723744897620e+01
7.259078210021111488e+01
-2.578936457629126822e-01
3.166289052609753440e+01
6.935818909997634307e+01
-7.561825234857535438e-01
6.595014414808528791e+00
-4.551626793526022396e+01
-6.886854198803121774e-01
9.056923831824541082e+00
-3.366230958025072795e+01
-4.742260190985999202e+01
9.043229169147124935e+00
8.363809184202064273e+01
6.879329218100997423e+01
3.777496445723553364e+01
-6.410238706185935609e-01
-2.694689456271665051e+01
7.743218074192897404e+01
2.275295996624309112e+02
7.160486942184961379e+01
-1.088263238313492920e+00
1.826756668149780438e+01
3.638595166020984095e+01
-4.825717681977523199e+01
1.349169963620155288e+00
-8.814665752426849465e+00
4.657983543256358416e+01
-2.511064164648058039e+01
-4.889154237082135701e+00
4.448800777661818984e+01
-7.444800611869233364e+00
6.870904021925657901e+01
6.589319492619090113e+01
7.181602797601483701e+01
1.969298762555453663e+00
5.595503839614223152e-01
3.555721796216483455e+01
1.964069793506921258e+02
5.698462714448492505e+01
3.522557663665620620e+00
-4.927849992068770746e+01
6.547843744049804116e+01
-4.672412464326800574e+01
3.415623627871610779e+00
-4.128895001269121678e+01
-3.621361859933994509e+01
5.517332006477947459e+01
-4.711479295803037104e+01
5.425263009212030596e+01
-3.439512090617574458e+00
-5.040385093935598348e+01
-4.634549650247215880e+00
8.904443470552740791e+01
-4.726202786383065302e+01
7.671766303221821204e+01
1.271141615177253881e+00
-4.621208654309047148e+01
1.664488457060749482e+01
-5.145234159275337049e+01
2.027112865025574422e+02
-2.666672614048866130e-01
8.186423318550610873e+01
5.149251561408163980e+01
-1.613679640094910495e+00
-4.799790476008989515e+01
3.764924820608791123e+01
7.003471372972545339e+01
-2.317735199603632523e+01
-4.271712053978079737e+00
3.397726147073301917e+01
3.413461212709670289e-02
6.424273982134624816e+01
4.546645507222775606e+00
6.802551008926477039e+01
-7.351269845641031919e-01
7.647361506814041832e+01
2.614878337908761008e+00
3.980025298558176328e+00
4.000971395654032037e+00
8.494617635679291823e+01
1.450636620836577428e+01
-1.302985432743111627e+00
6.251068123279632260e+01
-5.141371769903801692e+01
2.393820536200148652e+01
-6.774181237828138968e+00
-5.206169394520881610e+01
7.563335090275796091e+00
-7.264972721189589810e-01
3.604941161155277740e+00
1.402182906175105757e+02
-4.864849573527948934e+01
1.337950529345086181e+01
3.483389636039279225e+01
-3.656495990984709721e+01
4.600956520446741393e+01
7.906928491511605728e+01
-1.585119029272283653e+00
1.695020276179897678e+01
6.673595788398476891e+00
-4.647963567816441355e+01
-4.572054379072999097e+01
-4.400507335497429451e-01
-2.468039110944322090e+01
1.025645042876169981e+02
-4.726789746268706693e+01
2.048674504873307001e+01
5.886108001955946634e+01
9.351006746075588794e+00
-3.203584832435949714e+00
6.635597874921074890e+01
3.078944962602503832e+00
-4.825782199935314765e+01
-3.891496282724475719e+01
2.027398991347733936e+00
-5.580561530432608386e+00
-8.951413351811952079e-01
8.485006671855626337e+01
-5.089608011264474641e+01
-2.134369365570250210e+01
1.437352841413243709e+01
7.886323869241759610e+01
5.486591001210071994e+01
3.144184121743356286e+01
-4.985968565832310873e+01
7.142953603363581294e+01
-2.768703957561408427e-02
-1.543955980294036801e+00
8.606192044423488596e+01
-6.179610302356121743e+00
5.744877425583067065e+01
6.617488920725428159e+00
8.859861812827674044e+01
1.232226086805297172e+02
1.272475457188214989e+02
1.239953574898773923e+02
-4.849868425662938165e+01
1.175480164311247364e+02
8.279484971954857997e+01
-5.104515482328279674e+00
3.855395969261486311e+00
-3.894027096301301949e+00
5.194924116466759756e+01
-1.161119188383142742e+01
5.576726550542515071e+01
-1.181299545617333102e+01
9.017788612544853422e+00
-5.048611031345472355e+01
-4.585151688555669836e+01
3.410128369320843689e+01
4.748356625898018990e+01
1.137187825896640163e+02
-3.512500315148233199e+01
4.044316229822439368e+01
-5.213261945059878144e+01
1.355211481620139580e+02
1.249324301921559766e+02
1.180376799959391008e+02
-1.293259999245039316e+00
7.707011026082857263e-01
1.603162138520808071e+02
-1.918636637098383391e+00
1.200240002172798484e+02
-2.524493957764042396e+00
-4.560325909683320411e+00
-4.845680096492008460e+01
-5.116291057254642993e+01
4.936488809240464093e+01
9.590712253732053227e+01
-5.046463534451925881e+01
1.345849813115584270e+00
6.474912694923939682e+01
-4.900793885686693585e+01
-4.023021545694236778e+01
8.136921458312683342e+01
1.186149747145720852e+02
3.613704420185122501e+01
1.113974093075021443e+02
1.126627455733712821e+02
1.605359275460795043e+00
-9.169227324180202032e+00
6.822008903592039530e+01
-4.838211474774648480e+01
-4.381410217995524903e+01
4.806448063750985966e+01
1.222138298044157096e+02
-4.624410409900556118e+01
-5.114566530068751149e+01
7.197806056933963248e+01
-4.826192896087493978e+01
-4.765125675175156772e+01
6.409126699644897940e+01
-3.275295293007052067e+01
8.266990834183410186e+01
-1.577248817331456943e+00
-4.011949645227917927e+01
5.074125487191955841e+01
-4.694012643357599046e+01
-4.109118725157620666e+00
6.472816120455455291e+01
1.605916542776306812e+02
-2.105132999237992131e+00
4.280656030936360423e+01
-4.499514201098748600e+01
6.069186330176387756e+00
-4.911040804599343090e+01
4.451803720072778248e+01
-5.188551215783317616e+01
-9.984428590794847125e+00
1.029097960697693281e+02
9.046574406068019414e+01
1.088443102990932374e+02
7.216731797958478190e+00
7.575391656520135086e+01
1.111567581696014884e+02
8.766201694448746196e+00
-2.157845545528525033e+00
4.635151360302288737e+01
-4.371854042571209931e+01
9.695450559828347536e+01
-2.884224110564435950e+00
-6.361562808115918344e+00
2.944785744513189840e+01
1.329896054218698609e+01
1.604577133236277575e+01
6.473296318098179825e+01
-5.341538341369858500e+00
-5.099954851117981747e+01
-5.521979843962492751e+00
7.159507953564823879e+01
1.190954418347000967e+02
-3.820767352749204804e+01
3.981809036247094724e+01
-5.106241094590701124e+01
1.770581746599670225e+02
-5.160143889212032065e+01
-3.802099739788039390e+00
5.569016925649782479e+01
4.764878003916236793e+01
3.348343587291180423e+00
1.005984121866386261e+01
8.123942612162116461e+01
1.052846250122436373e+02
-2.192186873465412855e+00
1.365298170487585772e+01
-1.642528687272319488e+01
9.408940572206084596e+00
-2.423914340764526720e+00
-4.688860679267977360e+01
-2.578607713832265613e+00
-4.935758602149639529e+01
-3.988025098519435119e+01
9.940406404418470743e+01
7.515836837894113387e+01
5.226428393700830100e+01
7.072562523617740737e+00
5.566510234968917814e+01
-8.101271720260545095e+00
-4.716354008711226697e+01
-1.608998249224443677e+00
-1.011116874079688088e+01
2.213322797841022815e+00
-5.072700550542960940e+01
9.988944309039477787e+01
1.764357134692782481e+01
1.007633492015536660e+02
-5.106388198254231270e+01
-4.534423528991531072e+01
-4.982793668252803343e+01
3.973755193482647030e+01
1.583679352683597870e+02
-1.927906554965630459e+00
1.602833904094045749e+02
6.050154337659287762e+01
-3.151499807334438330e+01
6.684381128618948509e+00
6.687811318000724370e+00
-5.288848492070290952e+00
5.553806408835037445e+01
7.615920253645468563e+01
4.648861266030542283e-01
-1.243515083448923919e+00
2.625668795031511848e+01
-1.395712002486213743e+00
3.549022312909649912e+01
-5.514560200039727578e-01
4.967995895859245792e+01
4.846266018215196425e+01
3.394453829208734508e+00
-4.933692097347670114e+01
-2.745035399292385381e-01
1.491913440785947564e+01
-5.064857356625541485e+01
5.698834915856119210e+01
-4.492993055338104824e+01
1.075184803453540061e+00
3.587003091666055354e+00
-1.320874964196596579e+01
4.439688549967442555e+01
1.840056901356301822e+01
-4.695085165664060156e+01
-5.154024312254313145e+01
3.926849069397711833e+00
3.003186939416472256e+01
-4.832510022492239443e+01
-3.324051189164618503e-01
-2.170182915939687707e+00
2.543228995794112102e+00
-4.771379699090928739e+01
-4.654493521571365733e+01
6.004472708342277798e+01
1.584424047380515965e+01
-7.516930588177241912e-01
-5.021327003564522329e+01
5.653148375394769776e-01
1.146362816684833597e+01
3.490853507665438116e+00
3.830595842422937380e+01
9.809120853948911645e-01
-5.939241896395072162e-01
-3.020053526166599944e+00
-7.497846473709586235e-01
7.788748480831189092e-01
-5.094629603115772287e-01
-7.743870337559559669e-01
-2.235403280923445035e-01
-4.542081645724766048e+01
-4.332228631743823000e-01
-4.743340891524666092e-01
-6.077057375824758134e-01
1.822874299884920779e+00
-6.397615369758863357e-01
-3.155639060133600959e-01
2.372100663465908366e-01
8.986033464525856829e+00
-2.583251727731981640e-01
-1.872941283205831753e-01
-1.639832820000677538e+00
-5.319357911804319800e-02
-7.807476283710447496e-02
-4.890197026141499492e+01
-8.059987996907852503e-01
-9.318314562031907444e-01
-1.581385494258696678e+00
2.933176508126440762e-02
1.598313567144019487e+02
2.832979327321216445e+01
-1.256487432850631025e+00
7.948768176004673558e-01
3.483430433504949519e+01
1.033147729863340558e+01
4.842492187459582986e+00
-1.567562271364713933e+00
-1.747748133983877183e+00
1.261876672842228597e+00
-2.984261639523782872e+00
-9.334622447617475782e-02
-1.326962847358619801e-01
-6.578935346989830957e-02
-1.643846398587299085e+00
-6.301419955170295406e-01
9.519669221811969395e-01
-4.236027168864953296e+01
-4.372796301146055775e-01
-1.978564005019094019e+00
-2.477040605045255361e-01
1.645974145416500889e+00
-1.129951130420280503e+00
-1.023466521294785991e+00
-1.331430507576809141e+00
-4.263052380524046669e-01
-2.165232650733591946e+00
-1.496490963757641568e+00
-1.092797974412152012e-01
2.399003729834616738e+00
1.110210521084007951e+01
-6.433645287153044734e-01
4.821330829133365192e+00
-6.797326281091981004e-01
-1.907720351925773050e+00
1.091331759463571194e+00
1.498829497610577555e+01
-9.798957305376508886e-01
-4.601697710819031784e+01
5.405462317977656639e+00
-9.642660761792157809e-01
2.532421486896768936e+00
1.878176294885774533e+00
1.098892349057455853e+01
1.741885953197698811e+01
9.413167254964822206e+00
-1.705361737964727231e+00
-4.239032433760200336e-01
1.910422214909568872e+00
-2.529683017646037757e-01
-3.431832450686969627e-01
1.227316927939178376e-01
-3.417539712472397739e-01
-4.521468473820019346e-02
-3.496029434196797903e-01
-2.591578262515752962e-01
-1.370754133461985491e+00
-1.514962034559083515e+00
-1.885568650002198643e+00
-1.449284380114701065e+01
1.648826717185206192e+01
-2.263199881662071977e+00
-1.103421523851017438e+00
-2.266614767604968605e-01
5.288610681563409299e-01
-9.033320862818317032e-01
2.431638121214101389e+00
-2.521840300177248650e+01
1.647682292436496709e+01
4.553609467935799415e+01
2.024628765661281804e+01
1.396057457059013807e+01
1.428219247009125858e+01
-1.327435338515258412e+00
-5.028714583067944943e+00
-1.846116014815754047e+00
1.142381310475743916e+01
4.465137806859620362e+00
8.491719770957086411e+00
1.371991706021272250e+01
4.598018342711000628e+00
5.580422384239157374e+00
8.509504778674308323e-01
3.232928876116458383e+01
-7.613311157255677752e-01
4.362621362336226438e-01
-4.915130273984186715e+01
3.462210687543803544e+01
1.179312957992219779e+01
1.809425947993090844e+01
4.959343512957836708e+01
3.447076168782236749e+01
1.523727327186006697e+01
1.737656131853602304e+01
-4.886032647071095880e+01
3.294951029163507172e+01
2.169087399669291205e+00
1.150133986690812549e+02
-4.799380114752813853e+01
1.055727905665104771e+01
6.707153800186240744e+01
6.126583777384670526e+00
2.842647132629421236e+01
3.212178848978288670e+01
1.704591585260727271e+01
8.300397255468897839e+00
3.863087444604659737e+01
1.969114239797491450e+01
2.437323191098755615e+01
1.149919465262665028e+02
1.535382990037305007e+01
-7.783354021910654508e-01
3.306493597053398048e+01
1.075899803562636237e+01
2.157799669191863057e+00
6.466035372803061954e+00
8.357313814790954609e+01
1.600141661158629347e+01
1.208597151745676967e+01
2.174356671394586549e+00
2.119651397261358206e+00
-4.361620016404023081e-01
-6.621038572288729940e-01
-3.141624307594786103e+01
-9.721543049487224586e-01
-4.017519748804736501e+00
-3.369356743910716934e-01
-5.123642817045171682e+01
-8.967723206605560105e-01
-6.710239575592980010e-01
1.769965236294326894e-01
6.028042829166039285e-01
1.868514271379375202e+02
-1.242924406276621374e+00
-2.740827410848839518e-01
-1.000392313415676027e+00
-3.061451310685254223e-01
-1.847125451008520658e+00
3.819865757096085890e+00
-1.225822729017944202e+00
-1.178602089048951029e+00
3.391023966042723270e-01
-3.844202914811089222e+00
1.725558726425116873e+01
1.935165512821450662e+00
-8.381536173751139573e-01
4.506294430498851145e-01
-2.452038437623552447e+00
-8.378612632472138833e-01
6.026263332620290569e+00
3.792937196728706883e+00
-1.500988969198849388e+00
2.613797833953841732e+01
-2.310457809646750404e-01
-2.549037254635703742e-01
1.018389468270113873e+01
-1.315123972007974817e+00
-1.086617745824778769e+00
-9.744729218697435469e-01
-3.779887872401545224e+00
-7.340607109368194605e-01
-6.251113630112831165e-01
-9.619077969105779502e+00
-4.788023360905646797e+01
2.436039514982879695e+01
5.055222541682989901e-01
1.717868341036061111e+02
-2.971066534096358680e+00
-5.164595609491075656e+00
-1.672172282805820975e+00
-1.511740649520159296e+00
-1.830689401294272600e-01
-5.855382757546053751e-01
-3.110992913741367216e-01
-6.603438328090213139e-01
-4.847863421737619660e+01
-1.378104225708909558e+00
-1.590156095491112032e+00
-2.323365635948725583e+00
-1.456410110376438638e+00
6.678326928202409363e+01
-7.095504729871209282e-01
8.954972076296143779e-01
-9.644788907494669661e-02
-4.071208300530564372e+00
2.062343515499397206e+00
-2.603207063892216055e+01
2.887771318972776058e+00
-3.314946610958389162e+00
-4.230513979302973127e+00
8.335592763853954068e+01
6.242880278498225977e+01
1.455955261335399209e+00
5.563146782570213844e+01
5.300545826680393446e+01
9.258112054903207877e+01
-4.731344334058238954e-01
4.885519740985973414e+00
-4.931709313069057465e+00
7.350749940746253763e+00
-8.828125306816493323e-01
-4.274792546819139449e-01
-2.517257217705758388e-01
-1.592118023036910968e+00
-6.721757971753941074e-01
-4.696185805988434936e+01
-4.783051971168316152e-01
3.107507485148254478e+00
1.756002136270841341e+00
-2.803445804564304478e+00
6.780630258978053160e-01
1.173050476630078975e+01
5.930632592013498794e+00
6.478172278984007937e-01
-3.228358697260403920e-01
-1.373970223728548934e-01
1.313184661542600384e+00
-1.369981780784633285e+00
-3.261649370524096203e-01
-1.801940110904091674e-01
-1.004209063672786006e-01
-2.060328439950369628e-01
-3.701107567018194211e-01
-4.702197500781053474e-01
-1.215205991357507509e+00
-1.249392831178229413e+00
-1.078854221176341888e+00
-2.514878688092427872e+00
-4.701333563979908092e+01
-7.783775167691663333e-01
-1.193905879004061976e+00
-7.358123237985219056e-01
-1.578289455139541442e+00
2.035673375183383982e+00
1.007854663705773257e+00
2.811862482917584227e+00
4.412641467546545293e+00
-2.486487237927004212e+00
-8.405738382692757860e-01
-1.368060881087913350e+00
3.622962534771807963e+00
3.380225562946273854e+00
-8.624588045474583797e-01
-8.897162301769943049e-01
-4.848313569766445896e-01
-5.832268920354608532e-01
-1.840041332215520964e-01
-9.605063918456481886e+00
-1.848229076344497512e-01
-9.167685462596980583e-01
-6.907836012808408199e-01
7.885629401616914835e-01
-4.363753716015322248e-01
-1.011085299665828252e+01
-1.107653671421133268e+01
-6.735932452137838311e-01
-3.146556543649925430e-02
-3.655317892748514153e-01
-2.165446913715563665e-02
-2.292999218152594887e-01
-8.220978816679272438e-02
-1.266512476457772207e+00
-2.437670189746301830e+01
-1.045336004999633944e-01
-7.528389489985377603e-01
-4.142554527081848126e-01
-2.811540370021489710e-01
2.299327870017670694e+00
-6.684989585670911283e-02
-8.528842118884713552e-02
-5.437982636130301861e-01
1.515961233332108904e+01
-1.185838031692076378e+01
-3.880181858505678538e-01
-6.645548672873446971e-02
-2.668315668476572000e+01
-9.905440035972116419e+00
3.815636135169083509e+00
9.742641919050331722e+00
-1.159195301108201548e+01
1.745985944481994778e+01
1.803950357057525267e+01
2.202518465019329952e+01
-2.290002038131840889e-01
3.172018031972203289e+01
2.439083147467348667e+01
1.463608372544633829e+00
-1.239973219397019433e+00
3.287523076451357440e+01
4.537501606200237347e+00
-5.854707020934266204e+00
2.312548900209966263e+01
1.203448244235191922e+01
-2.958002301850059013e+01
-1.382574165012105283e+01
-1.278354836301881292e+01
7.472047915809804097e-01
-1.214268520445079957e+01
-6.099664186727452586e-01
-3.243195844172344078e+00
-1.389617862911467050e+01
-1.342930598454452884e+01
-1.823162331609643916e+00
-2.072717531268398616e+01
1.269743700680321830e+01
7.334979452822958379e+00
4.292248991720754248e+00
-1.161323892532293067e+00
2.231751437862342424e+00
-4.695901124762980317e+01
1.092031721339522790e+02
-4.828956297546483367e-01
-1.398457761015385215e+00
-3.614130746922361581e-01
5.043873815149448880e+00
5.272617428476335277e+01
4.145171344789243761e+01
4.828111126836951428e+01
5.891648328806275536e+00
5.434555488579093208e+00
1.914389852936327463e+00
9.462144411417526157e+00
8.655682243156348932e+00
4.735674354314676204e-01
-4.399293052061903353e+01
-1.242684643103285191e+00
-8.267010708710060829e-01
-1.497391284679607804e+00
-4.877358052068336036e+01
6.645542439510487842e-03
-3.105031029034282519e-01
-2.075370142797364537e+00
-4.724110516929986403e+01
8.781469715678388299e-01
-7.494683909587404047e-01
9.315197934771453081e-01
2.126154559175641445e+00
1.125848846865838127e+01
-2.165310935913500323e+00
-9.414058825164166588e-01
8.984160982505532189e+00
2.758332026755046851e+00
-5.065711842766857842e+01
8.351837256131654286e+00
7.494755448219272864e+00
-4.344564677194925895e-01
-1.971013284128576348e+00
-2.147411581775116318e-01
2.698295116483507616e+00
4.938270925549814905e+01
4.746172226564490160e+01
4.546386106052382559e+01
1.156995494656654557e+02
1.448033160099010388e+02
1.090482355250610453e+02
1.367019997977288703e+01
1.425111167433587411e+01
7.488310308622530442e+00
3.845729214627459669e+01
1.039525617765138499e+01
7.670338271091353022e+01
-5.080995932420323413e+01
-1.194380068655629679e-01
1.132141581805122996e+02
1.607553129450238316e+02
2.715341510840436356e+01
6.752774231832383123e+01
4.840045535049659264e+01
5.368952956950723632e+01
1.091041014125458872e+02
7.177391950279618982e+01
4.964719696219928124e+01
1.298111694908713698e+00
2.951217203100923214e+01
5.293380966543799104e+01
1.792162782148404432e+01
1.189447873169360577e+02
7.384140949269313126e+01
6.486790197659831847e+01
4.667888029193154154e+01
1.084363579794158028e+02
2.682743064685469676e+02
2.123784134767430487e+01
1.026933888765074698e+01
-2.683785630127600297e-01
1.765843798070244830e+01
2.461313751369871849e-01
-6.685661600931233073e-01
6.587124305043327865e+01
1.573068097630441198e-01
1.589675599349259585e+02
-5.131328773002367427e+01
6.573132347559754507e+00
2.059646678496612893e+01
3.557350029771495770e+01
3.504534725893946501e+01
3.704088538305056488e+01
-3.755763044649059523e+00
3.143293163138239366e-01
6.082932213872091864e+01
4.401789784124168214e-01
6.163720172510063211e-01
-1.474135386260052583e+00
1.048790689410579944e+02
-2.803683908355746102e+00
1.981774580824896361e+02
-3.142943729196990610e+00
-1.168005634962195227e+00
6.899235990319796485e+01
3.364290623341222641e+01
5.346073692591758686e+01
-4.410824487896123358e+00
-2.444029359550530689e+00
1.270408999462594437e+02
-1.220528489877140244e+00
-1.260510406633539526e+00
2.189799829188842040e+01
-4.299192201301794114e+01
1.865393626179518982e+00
-5.943351065946490541e-01
1.091955582791157148e-01
9.390374742239603334e-01
1.840914804169624830e+01
2.493731137614181392e+01
2.820064143332762896e+01
1.720914884086744312e+00
3.279717742431272143e+01
-5.270497793761354188e+01
7.100809344407747581e+00
-1.882577506220828534e+00
9.428676329780324750e+01
-8.795062857291828351e+00
2.143701470923663877e+01
4.060966801321391206e-01
6.915300748160095168e+01
1.818376317460680847e+00
1.984036010616561896e+01
4.197668204146453519e+01
2.752269008131584371e+01
1.597200022271343123e+01
-5.208513274199437149e+01
-1.170942866955519079e+00
2.829549603512684541e+01
-2.088647603891730853e+01
1.795877752590048715e+01
1.435521865783715256e+01
-1.574260543789277733e+01
5.504659713045120917e+00
3.010929799240933136e+01
1.206098734301201780e+01
1.208204825808271288e+01
8.305866145714055904e+00
3.597632745132678167e+01
3.667080691770356893e+00
5.009782416748439715e+00
6.742851071746470382e+01
8.157563298668961238e+00
9.604776936489082928e+00
-1.097495894343214706e+00
-6.151693465478811351e-01
4.679658857417904549e+00
2.877616662894579846e+01
-2.388277650127168528e-01
3.956324993579638960e+00
7.372735218925537737e+00
4.643243570484727201e+01
3.034917194164080811e+01
-3.109617396592718297e+00
-4.648551909796360349e+01
3.108224177556659740e+01
2.785765224187822131e+00
2.556900516658575384e+01
7.452436540827855005e+00
1.315800458286722474e+01
1.649429926657631640e+01
3.839445856226187281e+00
-4.421925222926702048e+01
6.351295008327490166e+00
6.790834041608360572e+00
2.613254540959427441e+00
1.406610187190477035e+01
-4.505929467100600760e+01
6.799465410927986397e+01
5.471351068693851971e+01
6.746725831096009429e+00
6.404957142770946632e+01
1.695113988954104656e+01
-4.387187526628958167e+00
8.455663701832953905e+00
-4.745604304092058356e+01
9.299205199108445896e+00
1.838524848759711716e+01
-8.291465531132403699e-01
2.401924614849791695e+00
-1.479879921052194902e+01
-1.629241820199690594e+01
-3.331457298130469979e+01
-2.510400142432731485e+01
-3.081953220886304123e+01
-2.130256812073002237e+01
-3.181575324876949651e+01
-2.441010985545631584e+01
-1.406556921783589686e+01
-1.166479273102438086e+01
-1.237106154769605304e+01
-1.354748834937295854e+01
-1.348095094979172437e+01
-2.885530527676757373e+01
-2.279752618104410544e+01
-2.720610081593953566e+01
-2.892802059877500298e+01
-4.636127892712853082e+01
-5.020090885774809664e+01
-1.216829896629047614e+00
6.371451961763564320e+00
2.345217372345852169e+01
-4.291762740276528376e+01
4.563420273527345472e+01
-4.800040592751944502e+01
3.967594620999722821e+00
-4.816032521780661568e+01
-4.502296058518803790e+01
-3.868044165323857442e+01
-2.890476984742407396e+01
-1.039859945004462460e+01
-2.396862236002512248e+01
-1.748998683114682606e+01
-2.372230632999714572e+01
-2.409976728130008539e+01
-1.126003106514684582e+01
-4.945674811112298386e+01
-4.874701198553674431e+01
-5.180449383009474928e+01
5.373967759900582308e+01
4.591074037961254817e+01
5.042835785713671726e+01
-1.813857017959855433e+00
5.533399592889362140e+01
4.815649102103285450e+00
-2.458257183270773361e+00
-1.058583042604708480e+00
1.712260399756785390e+01
-2.169799295776698944e+00
-1.359367683782923919e+01
-1.939863004075303365e+01
-1.652296607689176611e+01
-2.624326506272034720e+01
-2.524751443410462670e+01
-1.393559390253073005e+01
-1.485300867820549975e+01
-2.442675333176920915e+01
-3.065301413450886514e+01
-2.888987808929367418e+01
-3.108426441371817006e+01
-1.223307361934785575e+01
-2.743155943925160400e+01
-9.048434507241715608e+00
-9.843961861549837877e+00
-2.869134565033473194e+01
-1.073191019392572620e+01
-1.205044438883027524e+01
-1.328581911585479425e+01
-2.394642315809628741e+01
-1.367498036525982030e+01
-1.540402153370112970e+01
-2.098364660176549990e+01
-3.026094445018869195e+01
-2.038339229138315645e+01
-1.893221934734098966e+01
-1.188111228227429450e+01
-1.458976394415233813e+01
-2.533454779042325100e+01
-2.195673340887188374e+01
-1.143843663767657581e+01
-2.729904155275023570e+01
-2.377049227578515556e+01
-2.229763281496200023e+01
-2.660572954311152216e+01
-5.043790979275578934e+01
-4.395615082954683572e+01
6.269289459481218074e+00
-4.747112176484002077e+01
1.426386406041658672e+00
-1.192764371631331727e-01
-1.278910013549029001e+00
-1.085910787864879934e+00
3.625593207610477009e+01
4.512162129360096863e+00
1.802786177330785478e+01
3.701834796691171192e+01
1.591245556783011850e+01
1.238181699826240134e+01
-1.054012536656967654e-02
-4.746664543119130286e+01
-4.702628770445493700e+01
6.232114647831930476e+00
1.550494764789614166e+01
1.219685616279689278e+01
4.155524493255843055e+00
-4.797031640057716118e+01
1.761406646455559510e+01
8.880082464152552646e+00
2.281498230966247220e+01
-4.813682012296114010e+01
6.606895921332957755e+01
-2.452841428012250802e+00
-4.794215153114288341e+01
1.264139912316449532e+01
2.569977229390516982e+00
-4.833484882358846590e+01
-3.721360375060682912e+01
-1.098074185428040117e+01
-1.933287610401568202e+01
-1.934871832257600133e+01
-1.424407867915342152e+01
-9.728789855031562794e+00
-1.133802681928315437e+01
-3.074026094317315128e+01
-9.116001837435815602e+00
-2.652068117262940206e+01
-2.212142453322447366e+01
-2.655468624137577649e+01
-1.890644443986940360e+01
-1.297360083285536625e+01
-1.153064602844184350e+01
-2.425183085054350585e+01
-2.338395989647583306e+01
-2.386232672614938011e+01
-9.315731914803871305e+00
-1.948241560524592231e+01
-2.101459663625942298e+01
-2.018269096957882525e+01
-1.279261835307482009e+01
-7.862908679001961332e+00
-2.139146512191949512e+01
-1.555755897602435667e+01
-1.177107380336503262e+01
-2.164208234383664120e+01
-1.354293294882347887e+01
-2.368570313788491433e+01
-1.068230960938550567e+01
-1.166751631622712715e+01
-2.095689065085467462e+01
-1.455671940558045030e+01
-3.238185292085874067e+01
-3.244142814368066752e+01
-2.923382329916853095e+00
9.173289476800526643e+00
3.150563082536811610e+00
7.665109876277014678e+00
