6.453106935839612923e+00
-4.945055474205469892e+01
-3.718415702456183425e+01
1.034644909083087683e+01
-5.165414956521870238e+01
-4.806584631153077680e+01
-4.797313560739785032e+01
1.799503532553039520e+01
-2.156666655112216890e+00
6.754671769521886082e-01
4.863510603719815584e-01
1.697266647312315513e+01
1.141853197829597732e+01
-2.469723161851136695e+01
1.641063953685975818e+01
4.173235061260998080e+00
2.049127566475645068e+01
-4.495357219931840831e+01
2.152746718665914827e+01
-4.157193827679746789e+01
-2.821236500397889557e+01
-4.354921632477254434e+01
-1.779297653283070435e+00
-3.818509509286635506e+01
3.688205532064257142e+01
-5.078964782429113001e+01
-4.433482041148260322e+01
1.167569506564407433e+01
1.743810771306584684e+01
2.789957158956198313e+01
9.176266676266144895e-01
1.745838198037455058e+01
4.071564495910828896e+01
1.060147583375904112e+01
-4.643560952558937771e+01
-1.067165457095244019e+00
-4.152929131669751683e+01
-4.443166138107885388e+01
3.647534585268551410e+01
-5.043156551916015218e+01
-4.392467614128793940e+01
2.111538565546123181e+01
-3.152523261924675069e+01
-5.123090822864528349e+01
-4.541591381138844241e+01
-4.299377538291537348e+01
7.301137900017684146e+00
-1.745649209182866327e-02
-4.577794699366410924e+01
-4.320841757037178610e+01
-4.468106339985146747e+01
-4.465656753701561144e+01
-3.036368645867606730e+01
2.021130711703273519e+01
3.268537085977753520e+01
-4.228791931501267243e+01
2.607866050924062051e+01
-3.083179078896589598e+00
-3.260071375863768850e+01
7.459283004538104223e+00
-4.124932003634987154e+01
2.114004453398405659e+01
1.526735099570665177e+01
-4.685994066355404897e+01
-2.220203289707080252e+00
-9.809105299808994261e+00
7.209592888267573052e+00
6.487548950725334329e+00
-4.406081513322192222e+01
7.328340183092516114e+00
-4.048032805313174975e+01
-4.628637072467024183e+01
5.141751380965480234e-01
3.474440332006544452e+01
-3.377733606066743732e+01
2.677519926036375231e-01
5.595267758081541309e+00
2.003144632696287175e+01
-4.138658266858778489e+01
4.410111523089761931e+01
1.102381703492821430e+01
-4.188001072516252776e+01
1.762860264874386118e+01
-4.775468210446900486e+01
3.274315096985725981e-01
-2.541233763799235845e+01
6.461662347460453759e+00
-5.017479298451164738e+01
2.783781181066764532e+00
1.058594222499414261e+00
-4.188205476536759875e+01
4.244642410373364783e+01
-3.735481761595634254e+01
-5.001133077501178548e+01
6.834973302016683405e+00
-4.439465657257201059e+01
3.611406416808120667e+01
1.300007073416673187e+01
1.662828106666082206e+01
2.702516375059662934e+01
-4.592955041671184802e+01
-4.437912697968825881e+01
-4.029112162107556827e+01
-3.916993203996284478e+01
-5.174057651351283482e+01
3.628342439200286762e+00
1.456719586550018342e+01
5.003943735593574083e+00
-4.348444612721795721e+01
2.045939376237204854e+01
-4.350982035092788891e+01
1.693710789277008288e+01
1.049700259095028088e+01
-4.446532533460631242e+01
-9.731270507802118885e-01
6.231016477699342637e+00
2.863091799754599709e+00
-4.499534394740944521e+01
3.459274537715635489e+01
-4.540549108093137676e+01
2.763411850562068395e+01
1.829166792505701622e+01
-3.214981148536066513e+01
2.508037060666504114e+00
1.033301429888177658e+01
-4.252466727717931150e+01
1.489857951398307012e+00
8.913818699808475188e+00
-4.767321934907541703e+01
-2.917440164886685494e+01
1.411082510344813912e+01
-4.363756001031072174e+01
1.443262308516700720e+01
2.844782480561904237e+01
-4.790099647269654781e+01
-2.412103196843514930e+00
-4.867956464949693185e+01
-3.485507467624481137e+01
-4.536497450968428780e+01
-4.796052751044684470e+01
1.805775705308119150e+00
3.012137287243414008e+01
2.594850574279327660e+01
1.900772247744902188e+01
-4.531875624014926274e+01
7.154850628454048511e+00
2.190688372810446261e+00
-3.957144236090573486e+01
-4.252555883952602755e+01
2.272862340728862662e+01
8.247062308653391183e-01
-2.441441100522744989e+00
2.900030927263358294e+01
-5.067065022785426009e+01
4.023428212196233744e+01
8.565727430817306143e+00
1.831518380555722558e+01
-4.451506387819443233e+01
1.089607866530962887e+01
-8.397026289528936038e-02
7.597349802197978619e+00
-3.577332145312491551e+00
3.193776705852241449e+01
-4.757745435904465126e+01
-2.824061706480729406e+00
-3.929357828000549091e+01
-1.687233807233921912e+00
-4.611019978179689360e+01
3.456354986895270986e+00
3.754570226034605440e+01
-4.498004759947501441e+01
-2.306428101060286551e+01
1.232001570919569566e+01
2.667400751010760018e+01
-4.789511336736225644e+01
2.165790493169031805e+01
-4.005222485394576637e+01
-4.039031798335795287e+01
1.323849012280837734e+01
3.381894993403751926e+01
-4.991655894181454300e+01
1.433312789696868883e+01
-2.951290092088474992e+01
-4.189805611895938853e+01
3.241223224157887017e+01
2.775973958914289241e+01
1.559755546820241889e+01
-5.160115225498571601e-01
2.412939213805129413e+01
5.939794841342040499e+00
1.137595158965202202e+01
3.695811272906914979e+01
3.624234321414790116e+01
-4.164935372060666907e+01
7.027214319176595225e+00
-2.661641922643536606e+00
-4.838166751285139355e+01
-4.734329334949372026e+01
2.125981303867903449e+01
1.118585653522349332e+01
-4.923057586928405982e+01
4.347893726929398639e+01
-4.825335233903770416e+01
-3.251601175546383615e+00
-3.093798939317412433e+01
-3.107199098517384073e+01
4.848400035818170295e+01
-4.818135067361665591e+01
4.995769230916948800e+00
-4.978022824128122892e+01
4.187558630566475415e+01
-2.828674147968216257e+00
2.342546144080416504e+00
-4.593380239440159585e+01
-4.225890567165835421e+01
1.646250296410310909e+01
-4.453381006016052623e+01
7.537452262112267931e+00
1.108231385988449880e+01
1.454105455122913071e+01
-4.717410975075051027e+01
6.898262681549789832e+00
-4.338432639330407881e+01
-4.412199306501275942e+01
1.397832446224569702e+00
1.187393066995544899e+01
-4.882020332585307187e+01
-4.329727362683082958e+01
1.265807145394512823e+01
1.955994477220483319e+01
1.987503133706522007e+01
1.217960058170226034e+01
1.299656143331252167e+01
2.496400383190135130e+01
1.348496527363490749e+01
-3.796730607082417208e+01
-1.367651197880823899e+00
-2.926053079472641016e+01
-4.311984662027992954e+01
2.079566386580974324e+01
2.568405879699233552e+01
1.341449908849824091e+01
4.605292930997531009e+00
-4.778350327408143272e+01
2.867340813496913299e+01
-3.963298943766320548e+01
2.669578373042384101e+01
4.738542392213433985e+00
-4.666739209219229423e+01
-2.076951438209698075e+00
9.596883844521144624e+00
-2.345797483448237131e+00
-3.973814705108872403e+01
1.667304353413693008e+01
8.735705419486224699e+00
2.452351424265380686e+01
3.241243103480940846e+01
-5.108070169555077911e+01
1.059985494829369514e+02
1.491573791505518543e+01
4.441781838630565460e+01
3.040533001614832287e+01
1.659597944810609249e+01
-4.713472784838582186e+01
-4.496527792322671502e+01
1.029480788531820146e+01
-4.035047044634585944e+01
6.358394386339229598e+00
-4.820711759966512489e+01
1.267755338495284256e+01
1.371938780959490423e+01
-2.228626931282869261e+00
-4.981154610067586219e+01
2.451755034175893755e+01
1.458089559683648062e+01
3.238910119603209292e+00
3.721446686927268388e+01
1.140386741115397484e+01
-4.436154618254571602e+01
1.295815552293862893e+01
-4.517686910592347971e+01
-4.294428710597254906e+01
9.127096837003951801e-01
2.130110703491294544e+01
7.751179387002725463e+00
-2.799607684085695425e+01
2.128477206477855432e+01
-4.703738375950368322e+01
3.348235859514537083e+01
1.103968633184015715e+02
-3.161210821025324691e+01
-4.007723997198774413e+01
2.665809892653510715e+01
3.419343612887704609e+01
2.333203986609374070e+01
6.205353028516506164e+00
2.773774171044612302e+01
4.745891845754142579e+00
-4.379847670895938450e+01
1.874163851973364103e+01
-4.163828977479364823e+01
8.364360298617171452e+00
1.976112498198408574e+01
9.323254438832261570e+00
-3.369965876480966216e+01
-1.035273035795440055e+00
7.522165605772599406e+00
4.734617181190378687e+01
5.356697039548595995e+01
5.340357019243455738e+01
-3.880826894092848534e+01
-4.669350850548242704e+01
3.174900797294031563e+01
-4.227262150565447740e+01
-4.958368440977940139e+01
-4.841066327019490956e+01
4.157844320351517098e+01
-5.130498559510442647e+01
2.332891087325394963e+00
1.613679474464414199e+01
2.595718105821000066e+01
-2.183530429891507918e+00
-2.426350707000804618e+01
2.383497341514565093e+01
2.752036766288465586e+01
1.581495430398211788e+01
6.188870964892887017e+00
-4.356148942384544398e+01
2.353723593571905326e+01
2.568540875636874787e+01
6.747876723056542403e+00
2.605998397790040499e+01
5.183103054225226547e-01
1.973701551354780648e+01
-4.807504454152523010e+01
1.178865216187962162e+01
4.295349285002031792e+01
-5.161192028841644230e+01
1.393589879380190055e+01
9.039537827994394092e+00
2.264745660402667582e+01
-4.326551388376922347e+01
-4.229271300741165618e+01
2.017867684243566018e+01
1.747568797239110694e+01
-2.754738811020240874e+01
-4.454947944005304805e+01
-4.501852776617300123e+01
-4.839858459892108300e+01
-4.235550312021683794e+01
-4.058128797159591272e+01
-3.881968340320632649e+01
6.216297675729876460e+00
1.715345904888681550e-01
9.120596795998256567e+00
-1.108485579488274198e+00
1.205982061809173267e+01
7.243350180719137654e+01
4.653880082333991908e+01
-1.725756329484119167e+00
-4.749987892890027297e+01
1.001302703991472320e+01
1.848053498440104647e+01
2.546703642842717485e+01
-4.365267817227144320e+01
1.781783457793886072e+01
1.110763180716255327e+01
-4.523024055028337642e+01
-6.382354315545123447e-01
-4.702824278227092236e+01
-2.600822768430122167e+00
-4.263608518728651120e+01
6.901115170713524982e+00
1.324295978746744851e+01
4.697314092308165101e+00
2.614472759573243366e+01
1.572059218965882188e+01
-3.044980701797102540e+01
2.487198784163059173e+00
3.122979196469226615e+00
2.926680525793517873e+01
3.391507727061592536e+00
-3.289742697668701510e+01
-4.370202409741217764e+01
1.497064767129282004e+01
-4.601278452086719284e+01
-4.804989747416193069e+01
4.317566100408941310e+01
-1.591003101943178732e+00
1.081888266219514350e+01
1.740015748187260058e+01
-4.828240071508562892e+01
-4.326705118429702424e+01
6.686967206918042805e+00
8.357634026454672238e+00
3.506909175805071754e+01
2.313225703185055337e+01
-4.880423749280463142e+01
-2.355967601614073814e+01
7.395059574281445114e-01
-1.828854697972328580e+00
1.275946328991409828e+01
-5.043918661296974904e+01
2.324619983250837052e+01
-3.429624218796530677e+00
-2.618006214582077362e+01
-5.127504462015722853e-01
1.510164791640288406e+01
4.488334959707833249e+00
8.835591815076007549e+00
3.423455690007913166e+00
2.988100106738960093e-01
-2.342792679103649078e+01
4.708564226217656312e+01
-3.067741962989505566e+01
-4.981007609721424956e+01
1.665727649854912329e+01
1.246815192657533800e+02
2.782889733860029580e+01
-3.405358611314093764e+01
3.776417779332520985e-01
-2.020849054949902079e+00
1.897011171390908757e+01
-4.397649768485770494e+01
-7.756163339868614726e-01
-4.681538438991407247e+01
-4.377954549662598538e+01
5.136941309306350512e+00
1.443998611519010211e+01
1.787650914797282553e+01
-4.950890812187695644e+01
1.835493715980289267e+02
-4.274212625108899744e+01
2.806116035515024620e+01
-2.114465041618240804e+01
-1.075388600297108033e+00
1.915521019160969018e+01
1.215986258228333305e+01
3.595585905629994272e+01
4.022565518372860360e+00
3.239234822888884224e+01
3.110846495802936218e+01
-8.448141106936487565e-01
-2.665517816850010036e+01
-4.453196425765275990e+01
-3.834004116911989968e+01
2.200238826863152042e+01
2.918754196920928479e+01
-3.165560767527032127e+01
-5.022285999572493154e+01
4.010428906774294866e-01
-4.385459639609715765e+01
7.777618534979508169e+00
-4.784868012080374911e+01
2.777306669204686429e+01
1.307798377074052443e+00
1.369360226618046461e+01
3.523226807598762633e+01
9.390027614219152952e+01
-2.520833231459672419e+01
2.711240039997658968e+01
9.219399908339264371e+00
5.192085206023920207e+00
-3.023662375595532747e+00
2.087906280606258047e+00
-2.988347583840754140e+01
8.314573102912984126e+00
-4.380394711866718893e+01
-4.522010691316308062e+00
-3.522781688622571039e+01
-4.660635733569225181e+01
2.734938305889878762e+01
-2.644710310146771093e+01
2.075974722550701301e+01
1.158689522134145022e+01
-2.161664417607630284e+00
-4.435019775894372884e+01
2.511817986470220276e+01
8.559197781462458465e+00
-2.385391523101611622e+00
-4.121013995337823843e+01
-5.757007339474220053e+00
-4.313042276447088597e+01
1.062577143126013368e+00
3.699786735433436391e+00
2.109616674383203261e+01
9.375692285010721605e+00
9.160550293375216313e+00
3.733330251719188198e+01
9.167562400228259634e+00
3.837150075896557411e+01
-4.531591388001162812e+01
1.958083410152348236e+01
-5.090835312386490585e+01
2.109275026338340453e+01
1.668593885254600906e+01
-3.062372756298094245e+00
1.226666767616175768e+01
-4.465030437105642136e+01
5.066634323871847556e+01
1.036465054250445128e+01
6.550526001065854587e+00
1.460307510334751555e+02
-4.670209843373391578e+01
1.997321299192268285e+01
-4.614878629605544091e+01
3.658698033765427765e-02
1.046476742618039424e+01
5.453155936787892344e+00
6.287400193862197995e+01
1.173210450888258372e+01
1.579219709658877235e+01
-3.062881179068904203e+01
-4.253066879528489608e+01
-4.511757615949317568e+01
-4.674329615392781534e+01
3.346478703251420228e+01
7.833752660648829469e+00
-4.344466800599732892e+01
-4.395860107604875822e+01
1.366637977040560514e+01
3.860494149948466003e+01
-2.780805604856860214e+01
-2.709177320499261743e+00
2.464527701155169837e+01
8.575157540109236365e+00
2.620734487258663492e+01
-2.692766909692934618e+01
-3.921907895035791825e+01
2.191994205776866877e+00
-4.181580100542656453e+01
5.299790245499315944e+01
3.233635923262880851e+01
1.840979147990093878e+01
-4.915775557239724236e+01
-5.189127251036330790e+01
-4.578536925376982225e+01
-1.838601764982845665e+01
9.999247033456979850e+00
-4.290789559115285812e+01
-3.829864692028468909e+01
-4.946517956949404748e+01
-4.421237899552951944e+01
1.724134883510839700e+01
-4.906068146882453362e+01
-2.634024548027829038e-01
7.345024067697544012e+00
3.462660677490602978e+01
3.969279782672457202e+01
7.312610688598594422e+00
-4.283620754137056252e+01
1.983163744261409733e-01
1.089300865658920703e+00
1.956479210508399902e+01
-4.007079996390010734e+01
-4.319243941677174803e+01
-4.350263732906215353e+01
2.175722630911612399e+01
-3.678085660920984878e+00
2.059030011603513444e+01
-3.255722164735850743e+00
1.476427380158683356e+01
2.254071797023092572e+01
5.589222942687825224e+01
3.980671507102520934e+01
-2.482464674549819783e+00
3.190071491521880276e+01
3.214654199369936460e+00
5.313508332170435011e+01
2.471526556324445956e+00
1.467508479002853683e+01
5.313452133902687535e+01
3.053750836704439031e+00
2.812945741791095244e+00
-4.469009895525180553e+01
8.978195887252809371e+00
1.912665021090533912e+01
-4.680191071707579908e+01
1.106892352047454509e+00
-4.418483566395733675e+01
2.929811404293595345e+01
8.878134974311091554e+00
-3.019082143053099188e+00
-4.118952075412313008e+01
9.864941044456804420e+00
-4.160066754975471071e+01
2.332444680536906745e+01
-5.186652126032285537e+01
1.230111335112481719e+01
1.808863845783355373e+01
-4.476507800047038188e+01
5.320424750556014715e+00
-3.132376353039488137e+01
2.134687024713424108e+01
1.376405427014558391e+01
3.268827380873501198e+01
3.477794984315364957e+01
1.921716927490095017e+01
-4.689890553199306567e+01
3.063783551139964345e+01
-4.723057137083758761e+01
-3.770575593656294444e+01
-4.434584224676225972e+01
-4.730515438552866669e+01
-4.465237561830256396e+01
4.320005844070784207e+01
9.770421865661827354e+00
-4.511424707863351813e+01
4.672471624434204784e+01
-4.346291306058841286e+01
4.078604274643362970e+01
2.178195956784450971e+01
1.192219009441445365e+01
-4.295480458947096736e+01
1.290143366753510712e+01
-3.472912169497588764e+01
-4.916536334691945598e+01
-4.190610626671118411e+01
1.175622231266606121e+01
5.977492655934346644e+00
9.313261185275209186e+00
2.180966678840601247e+01
2.933281719435747448e+00
-3.341584676265785703e+01
-2.533750548899708122e+01
9.919826497654572250e+00
-4.409247608779248395e+01
-2.093938245805564868e+00
-4.207633239798054348e+01
-8.490547503795149442e-01
-4.726638398909575045e+01
-2.045334576847260877e+01
-4.706204130504385574e+01
-4.393736826919836602e+01
1.616251974133137992e+01
2.294601534498441353e+01
2.290648087578180636e+01
-4.366569112035956124e+01
5.999204471954809748e+01
-4.923181972487181923e+01
1.321841919266330478e+01
-4.596849965328342336e+01
-5.126181275905311452e+01
3.836886092867016629e+01
6.796727966098727336e+01
1.454575343732328285e+01
1.759338426670488076e+01
2.208303875750140932e+01
-4.507481894669744804e+01
-1.662271825861562746e+00
-3.077024682286842250e+01
-4.389787349577902376e+01
6.213268948243754153e+01
-4.582927126186196887e+01
9.283675975994551521e+00
-4.244873979007508780e+01
-4.709886117644414583e+01
3.306022758705576337e+01
4.635740546600356282e+01
5.841320405932494708e+01
-4.762476836465239671e+01
3.347092714007155223e+01
-3.578258659329984681e+01
3.169484847603651012e+00
1.369777117499500996e+01
3.874802710136375339e+01
7.146162096945916531e+00
2.130150870972006771e+01
2.271429407094518993e+01
-4.737997987024187552e+01
3.155102422927907924e+01
3.875033448453294938e+01
1.860746988773842148e+01
3.858810212690904073e+00
-4.514424648474587798e+01
1.514466261320210982e+01
2.190793493100068901e+01
2.318246865542379354e+01
4.891585419870506257e+01
5.010515300309700137e+01
1.513454240070157653e+01
9.180810726932655541e-01
3.283218484749792943e+00
1.605744795517674017e+00
1.267952795490162643e+01
-4.537943357388584076e+01
1.985563671482226411e+01
1.579756579079455570e+01
-2.502504757810110192e+01
1.998217231109794412e+01
6.090690375332524553e+00
-4.610170120675402927e+01
1.138006521957507644e+01
7.928395073314006503e+00
-4.596299350367267778e+01
-2.084515032348420149e+01
1.145111336519143919e+01
-4.716823805562879812e+01
5.371657690612513392e+01
-4.701042354524440015e+01
-3.185018239202948109e+01
2.798132813876979341e+01
2.048569904761520011e+00
1.894833098923264458e+01
9.807134145289191807e+00
7.584455664461737356e+00
2.569573816003999411e+01
-4.555868666961262647e+01
-3.999024447538379690e+01
2.784192995443584451e+01
-2.747297531373273571e+01
-1.954883858756779835e+00
-5.255956572595142262e+01
2.754132815862971739e+01
-4.580401975520122448e+01
1.217055196711340992e+00
2.442845184170596440e+01
-4.500594531233043227e+01
1.235880114466065827e+01
1.820794058966306750e+01
-4.810536845550947760e+01
2.194023877920323073e+01
8.820968787100261110e+00
1.837941077185327288e+01
-4.545469052160810008e+01
1.430463579671968510e+01
7.340301399971694707e+01
-4.192202445075885464e+01
2.509046313016876795e+01
3.678214971948582956e+01
1.409719117152739898e+01
-4.377712571980956824e+01
1.360178283543031519e+01
9.324306800495614667e+00
2.470414734601435214e+01
-4.657207632860763624e+01
2.512898519475837311e+00
3.887654931729846197e+01
-4.814231690445277678e+01
-5.023849394626586218e+01
-1.672694648503767922e+01
2.219730780534334258e+00
-4.423116506286833527e+01
-4.651657277020282066e+01
1.336232400176878521e+01
4.589208305292559942e+01
1.617198948118924307e+01
-3.318878442753415925e+01
1.154232578496516481e+01
-2.883849481183663688e+00
8.661832319151713477e+00
1.456440019543674635e+00
1.336899768378617814e+01
9.092433562078195308e+00
4.406726931520493906e+01
3.082777054422084362e+01
1.115026116065356909e+01
2.316760087164416859e+01
-4.586258676377342169e+01
-2.174175494202427572e+01
5.792494257262862156e+00
-3.544687113181436899e+01
1.723454478718644101e+00
9.607872681531457459e+00
1.250540203766152203e+01
4.601767684979696327e+01
1.831208158296781505e+02
-4.527925815808262655e+01
7.072767131239514171e+00
-2.130962114822538567e+01
-3.513809564123415896e+01
-4.739686490110187833e+01
-4.753200461545380051e+01
2.643867714740707342e+01
-2.024666858718905171e+00
-9.526824995973436350e-01
-5.107205542663993469e+01
7.122039835623582782e+00
-4.468171097515482870e+01
1.634423711983379945e+01
1.043653871372684350e+01
-5.634185286530338566e+00
7.486998202466368824e+00
8.685380086378536646e+00
2.875217532027590561e+00
2.042924266618263474e+01
-4.756857917270466629e+01
8.924994234307977337e+00
1.081643337475999900e+01
-3.620035025938050666e+01
2.259122656415290820e+01
-4.445755214197937732e+01
8.507830590499448675e+00
7.651599043776736941e+00
3.173049345320984926e+00
-1.313388906969560388e+01
-4.120965640728376655e+01
-3.646556378549388455e+01
-2.976403357883642897e+01
1.755160474230655154e+01
-2.400719405927019068e+01
-2.680378806342492837e+01
5.992629080404517339e+01
5.898279681503680649e+00
-1.105284538372019298e+01
-3.834798399488052212e+01
-3.676318647740848178e+01
3.299941146003832415e+01
2.611506589980842286e+00
6.905942819017386824e+00
-4.010126980949295472e+01
5.490485153844961275e+01
-1.800996033982744038e+01
3.163044386788325557e+00
6.839593201921414334e+01
1.730576374161296371e+01
1.345221271366137827e+01
6.561656839254087714e+00
-4.931297824631320736e+01
1.107289380856294159e+01
-4.953624515998169642e+01
1.407315526285368534e+01
-3.482892698701238743e+01
1.491647175750533094e+01
-4.840018210159686873e+01
2.943074298029047142e+01
-3.070806254436143234e+01
4.051732576805436636e+00
-2.736054176388899606e+01
6.319687179605006477e+00
6.758782055882975648e+00
-9.438268060500695222e-01
-4.800335315218602972e+01
1.734782830159074081e+02
-2.590055371002397422e+01
-1.481834174675561044e+01
-3.477255888452550181e+01
4.360694122254933802e+00
-6.166978190544832650e+00
-5.954290674331844890e+00
-5.112279424987845289e+01
-5.055247160065349021e+01
-5.159032346159300886e+01
-1.736424826298182955e-01
-5.192088448284881963e+01
-2.672150896452554392e+01
-1.266041864633487357e+01
-1.499526037327090400e+01
-2.780740097985362880e+01
-2.625784792699714032e+01
-2.878755984175981553e+01
-1.521909135665317514e+01
-1.654873822852131227e+01
-2.903673014826824073e+01
-2.866590185441119232e+01
-2.312831757779219188e+01
-1.618897479819789709e+01
-2.492516499702119148e+01
-2.860963434510232872e+01
-3.102361738216457709e+01
-4.810288577472739036e+01
-5.051904521532875947e+01
3.786585058043646423e+00
2.154689722189304391e+01
-2.911155109144779818e+00
-4.316079126734321392e+01
2.157286015228564224e+01
-5.139287658389314117e+01
-4.887313724828948125e+01
4.242817065406088162e+00
1.686253993024850573e+01
6.742596372991960152e+01
3.723603541275672768e+01
-1.687753607448335913e+01
4.203594766464387789e+01
1.011065725164283791e+01
2.297762148910542646e+00
-5.225009178843738766e+01
-4.883392307179771308e+01
-6.612599716468412936e+00
-4.995234775275737782e+00
5.459178238095766034e+01
-4.788850711547596006e+01
1.648857059688846860e+01
-1.323355628698998210e+01
-2.495173384453563159e+01
-3.262458697914160766e+00
-4.714740569175020113e+01
-7.446493668158055135e-01
-4.618135282841915767e+01
1.899409823004110009e+01
-1.855390930432029073e+00
7.825995940548126306e+00
-5.078241260926521505e+01
3.988647828492647562e+01
1.098825004325811783e+01
2.970142219289515140e+01
-1.948387257973699604e+01
5.118928832750829372e+01
3.237303328690220638e+01
-5.414306692156610978e+00
1.881472396655957269e+01
-5.031170092224987656e+01
1.612142916997224873e+01
-5.089834699715527933e+01
-4.998380746595272939e+01
1.503816980473178866e+01
-1.931443455806616250e+00
-4.460709682732424408e-01
-1.618212774326674719e+01
-2.905269576812457188e+01
-5.065837842073698027e+01
-5.146157729595090302e+01
-5.101291690752704966e+01
-6.812458374817137674e+00
-3.199486390442835670e+00
2.086613545330195052e+01
2.160673455846115232e+01
-4.934585652630116925e+01
2.162501326432395743e+01
2.609874246487681049e+01
2.947161435449905298e+01
1.318105317098314799e+01
-2.460020393098963964e+01
-6.872797611753163061e+00
-3.314306336633578809e+01
4.244716467659458203e+01
4.264888454330927559e+00
1.098056589888251189e+01
3.452764736582341953e+01
-4.619940096785904871e+01
1.921679822516711056e+01
-5.101201508292768949e+01
1.139327616191788195e+01
1.438337674270770883e+01
-2.209839590921637509e+00
-4.276418213172776461e+01
-4.807250764470598625e+01
-4.828396352051423435e+01
3.938739265103508558e+01
-5.035186002372450531e+01
2.506983790091708642e+01
3.237193762438155886e+01
-4.731215158460796033e+01
3.135168317282654726e+01
2.639396754116595645e+01
4.819200541627833445e+01
3.349313144592593972e+01
-5.036797338356877418e+01
-5.104371871656684334e+01
1.117743952612772951e+01
-4.906480233154663750e+01
1.562285590977104377e+01
-4.536566666594811892e+00
-3.102443768673212432e+01
-1.001709775146700032e+01
-6.047549932308529108e-01
-4.964538120357373430e+01
2.237767157367215987e+01
-2.362963408237663820e+00
-3.135232197961578482e+00
-5.130168271330090590e+01
1.549583422142058886e+01
4.351874848392832007e+00
-3.793351550148589713e+00
3.527352633867308906e+00
-5.121702044018971378e+01
4.745554026128701031e-01
1.518292614412190922e+01
3.688064805764877008e+01
-5.142329414196502313e+01
6.347102730403074133e+01
1.964757727622605188e+01
1.429707782238075175e+01
2.537106192832301232e+01
2.376592749821346118e+01
-4.515815507345264379e+00
1.617101492778951055e+01
1.821162762530715185e+01
2.557356711587939202e+01
1.474943374610145419e+01
-4.251231095280704153e+01
3.705521541830623988e+01
1.356488002276324245e+01
-2.020792581014749345e+00
-5.009512256363934490e+00
2.227502370343147930e+01
3.758653212672448518e+01
-4.841383379854774205e+01
-2.781809027074918284e+00
2.989644151020557317e+01
-4.846001502873756550e+01
6.320412560003275892e+00
-2.455659517379611412e+00
2.466223745251124555e+01
-1.689483555980301333e+01
4.886735449393306396e+00
3.133916660325526848e+00
1.725770154074870533e+01
8.307857176318441006e+00
-6.032701460348840472e-01
2.188701932487269630e+01
8.104005256385351075e+00
1.517998680010468426e+01
-2.003865265492847492e+00
1.383624418560242297e+01
4.499760023434320466e-01
2.898357056196504900e+01
-8.216370887111994037e+00
-2.818627506709103780e+00
2.442924414164125935e+01
2.467911957012640656e+01
-2.731088315219980078e+00
-4.539003929142010207e+01
1.889143909099414387e+01
-2.546267336846173901e+00
2.782067640134338404e+01
2.272095057413029195e+01
5.457450617885676536e+00
1.381987767077015050e+01
4.617922569332478133e+01
1.337302782091220665e+00
1.574533117276621930e+01
7.553845666341516552e-01
2.997195962075230469e+01
1.897130150004343108e+01
1.614815009181373284e+01
2.300373827659290527e+01
2.050317930647706888e+01
2.291642994016588375e+01
2.322500712194862160e+01
6.760193957755560312e+00
-1.906540127022806175e+00
-2.383831560457811971e+00
-2.516085223705925689e+00
2.315551071130980887e+01
1.129756107927727626e+01
4.966699462324958070e+00
4.343826493597839900e+00
-3.443951625373049996e+00
3.355383280045598937e+00
-4.966536666399024114e+01
2.980101441426596764e+01
1.796546714194050409e+01
4.103445193384134626e+01
-1.242286155685282889e+00
1.055641894807094729e+02
4.893491927386237172e+00
3.888741362547360580e+01
2.601299699624009065e+01
3.678648060698688482e+01
3.253822210396506165e+01
3.936203556186974595e-01
5.735005724648859271e+00
3.743058689022433327e+01
3.132402713988400578e+01
3.365576979462328921e+01
1.791039672366216706e+01
2.157370045501901146e+01
3.819306462595218221e+01
-5.188739642494483206e+01
4.517215459254901333e+01
5.396305649425114837e+01
4.082995347525879737e+01
5.155005372593164026e+01
3.233087657381031477e+01
2.499264005391070853e+01
5.503419018705623955e+01
-6.239297993547921611e-02
-1.849113512897721856e+00
5.856536146164362577e+00
5.721871697782091815e+00
1.238760830523704897e+02
6.434606024486720344e+01
1.225835268847003334e+00
-1.136378052001403294e+00
-1.425726634092383316e+00
3.535993245519581762e+01
-5.155819679860637450e+01
3.721072491856031661e+01
1.106551623048029498e+01
-8.937784927824987680e-01
4.023489325228537083e+00
2.175206526433716192e+01
5.193417890291625838e+01
1.420430309552899040e+01
1.675674473986272872e+01
5.468008766503640317e+00
2.182193156849270466e+01
3.924965374012509756e+01
4.095541467176019523e+01
2.259492972892169327e+00
2.332882151210726462e+01
-3.420912372842887628e+00
2.384835203492763966e+01
2.059283548045299739e+01
-4.740790090209929275e+01
-1.623169124177995082e+00
1.047699560823549092e+01
1.402297743034143274e+01
-5.040329856986843282e+01
4.110805799437575736e+00
5.553060632352027959e+00
2.526894004894420931e+01
-4.694264819720946336e-01
6.461639045327063968e+01
6.055793105470689142e+01
-2.242441862825005572e+00
5.114521256106055347e+00
-5.095884928881906006e+01
-5.100697023730167956e+01
1.191811081806029549e+01
-4.994272832388852379e+01
-5.106047348927423002e+01
-5.114449987417832943e+01
1.399583177732307959e+01
-5.107916031031091109e+01
-4.443596855452029359e+01
6.733764894711642413e+00
6.297957106636648206e+00
-5.296046316949723121e+01
-7.449295879883494065e-01
5.201092366792731347e+00
7.804256197230350800e+00
6.497076386266633108e+01
9.735230838160958911e+00
6.893426059898430935e+00
3.143394958255144367e+00
6.527036531923590346e+00
7.331498245085118270e+00
3.727322502554935824e+01
1.261392962324396372e+01
1.346255392811025464e+00
2.413990583247095500e+01
1.428797612251676163e+01
5.297079399253023269e+01
3.425254062538041921e+01
3.630738252327522009e+00
1.425335934484361111e+01
-3.651283298147546930e+01
7.869313381810297159e+00
-4.724193307679892229e+01
7.900982112421408576e-01
-4.849587325548890249e+01
2.540066583513141130e-02
2.237909930455012031e+01
3.951734361403993478e+00
1.027996566116049770e+01
-1.977785949451367209e-01
2.295736055635534179e+00
2.164279984602068385e+00
-2.055201428794374507e+01
-2.012823274444869170e+01
-4.294761820915189077e+01
1.811711667972236484e+01
-2.236641714832071060e+01
-2.475714391833131955e+01
1.667767265085842388e+00
-2.523153619824705984e+01
-2.808751232992824587e+00
-2.887055067716340062e+01
-2.763558630521702497e+01
7.530291852669689590e+00
-4.945987731189863013e+01
4.867849039363304264e+00
-4.032732799919818145e-01
-4.800375217072379286e+01
1.135074614382085301e+01
-5.128377613414150993e+00
-4.789742907852777876e+01
-2.635983887929382430e+00
3.291199015900860303e+01
1.084795085929539304e+01
-4.242292729795001094e+01
1.352965878286924450e+01
