6.453106935839612923e+00
-4.945055474205469892e+01
-3.718415702456183425e+01
1.034644909083087683e+01
-5.165414956521870238e+01
-4.806584631153077680e+01
-4.797313560739785032e+01
1.799503532553039520e+01
-2.156666655112216890e+00
6.754671769521886082e-01
4.863510603719815584e-01
1.697266647312315513e+01
1.141853197829597732e+01
-2.469723161851136695e+01
1.641063953685975818e+01
4.173235061260998080e+00
2.049127566475645068e+01
-4.495357219931840831e+01
2.152746718665914827e+01
-4.157193827679746789e+01
-2.821236500397889557e+01
-4.354921632477254434e+01
-1.779297653283070435e+00
-3.818509509286635506e+01
3.688205532064257142e+01
-5.078964782429113001e+01
-4.433482041148260322e+01
1.167569506564407433e+01
1.743810771306584684e+01
2.789957158956198313e+01
9.176266676266144895e-01
1.745838198037455058e+01
4.071564495910828896e+01
1.060147583375904112e+01
-4.643560952558937771e+01
-1.067165457095244019e+00
-4.152929131669751683e+01
-4.443166138107885388e+01
3.647534585268551410e+01
-5.043156551916015218e+01
-4.392467614128793940e+01
2.111538565546123181e+01
-3.152523261924675069e+01
-5.123090822864528349e+01
-4.541591381138844241e+01
-4.299377538291537348e+01
7.301137900017684146e+00
-1.745649209182866327e-02
-4.577794699366410924e+01
-4.320841757037178610e+01
-4.468106339985146747e+01
-4.465656753701561144e+01
-3.036368645867606730e+01
2.021130711703273519e+01
3.268537085977753520e+01
-4.228791931501267243e+01
2.607866050924062051e+01
-3.083179078896589598e+00
-3.260071375863768850e+01
7.459283004538104223e+00
-4.124932003634987154e+01
2.114004453398405659e+01
1.526735099570665177e+01
-4.685994066355404897e+01
-2.220203289707080252e+00
-9.809105299808994261e+00
7.209592888267573052e+00
6.487548950725334329e+00
-4.406081513322192222e+01
7.328340183092516114e+00
-4.048032805313174975e+01
-4.628637072467024183e+01
5.141751380965480234e-01
3.474440332006544452e+01
-3.377733606066743732e+01
2.677519926036375231e-01
5.595267758081541309e+00
2.003144632696287175e+01
-4.138658266858778489e+01
4.410111523089761931e+01
1.102381703492821430e+01
-4.188001072516252776e+01
1.762860264874386118e+01
-4.775468210446900486e+01
3.274315096985725981e-01
-2.541233763799235845e+01
6.461662347460453759e+00
-5.017479298451164738e+01
2.783781181066764532e+00
1.058594222499414261e+00
-4.188205476536759875e+01
4.244642410373364783e+01
-3.735481761595634254e+01
-5.001133077501178548e+01
6.834973302016683405e+00
-4.439465657257201059e+01
3.611406416808120667e+01
1.300007073416673187e+01
1.662828106666082206e+01
2.702516375059662934e+01
-4.592955041671184802e+01
-4.437912697968825881e+01
-4.029112162107556827e+01
-3.916993203996284478e+01
-5.174057651351283482e+01
3.628342439200286762e+00
1.456719586550018342e+01
5.003943735593574083e+00
-4.348444612721795721e+01
2.045939376237204854e+01
-4.350982035092788891e+01
1.693710789277008288e+01
1.049700259095028088e+01
-4.446532533460631242e+01
-9.731270507802118885e-01
6.231016477699342637e+00
2.863091799754599709e+00
-4.499534394740944521e+01
3.459274537715635489e+01
-4.540549108093137676e+01
2.763411850562068395e+01
1.829166792505701622e+01
-3.214981148536066513e+01
2.508037060666504114e+00
1.033301429888177658e+01
-4.252466727717931150e+01
1.489857951398307012e+00
8.913818699808475188e+00
-4.767321934907541703e+01
-2.917440164886685494e+01
1.411082510344813912e+01
-4.363756001031072174e+01
1.443262308516700720e+01
2.844782480561904237e+01
-4.790099647269654781e+01
-2.412103196843514930e+00
-4.867956464949693185e+01
-3.485507467624481137e+01
-4.536497450968428780e+01
-4.796052751044684470e+01
1.805775705308119150e+00
3.012137287243414008e+01
2.594850574279327660e+01
1.900772247744902188e+01
-4.531875624014926274e+01
7.154850628454048511e+00
2.190688372810446261e+00
-3.957144236090573486e+01
-4.252555883952602755e+01
2.272862340728862662e+01
8.247062308653391183e-01
-2.441441100522744989e+00
2.900030927263358294e+01
-5.067065022785426009e+01
4.023428212196233744e+01
8.565727430817306143e+00
1.831518380555722558e+01
-4.451506387819443233e+01
1.089607866530962887e+01
-8.397026289528936038e-02
7.597349802197978619e+00
-3.577332145312491551e+00
3.193776705852241449e+01
-4.757745435904465126e+01
-2.824061706480729406e+00
-3.929357828000549091e+01
-1.687233807233921912e+00
-4.611019978179689360e+01
3.456354986895270986e+00
3.754570226034605440e+01
-4.498004759947501441e+01
-2.306428101060286551e+01
1.232001570919569566e+01
2.667400751010760018e+01
-4.789511336736225644e+01
2.165790493169031805e+01
-4.005222485394576637e+01
-4.039031798335795287e+01
1.323849012280837734e+01
3.381894993403751926e+01
-4.991655894181454300e+01
1.433312789696868883e+01
-2.951290092088474992e+01
-4.189805611895938853e+01
3.241223224157887017e+01
2.775973958914289241e+01
1.559755546820241889e+01
-5.160115225498571601e-01
2.412939213805129413e+01
5.939794841342040499e+00
1.137595158965202202e+01
3.695811272906914979e+01
3.624234321414790116e+01
-4.164935372060666907e+01
7.027214319176595225e+00
-2.661641922643536606e+00
-4.838166751285139355e+01
-4.734329334949372026e+01
2.125981303867903449e+01
1.118585653522349332e+01
-4.923057586928405982e+01
4.347893726929398639e+01
-4.825335233903770416e+01
-3.251601175546383615e+00
-3.093798939317412433e+01
-3.107199098517384073e+01
4.848400035818170295e+01
-4.818135067361665591e+01
4.995769230916948800e+00
-4.978022824128122892e+01
4.187558630566475415e+01
-2.828674147968216257e+00
2.342546144080416504e+00
-4.593380239440159585e+01
-4.225890567165835421e+01
1.646250296410310909e+01
-4.453381006016052623e+01
7.537452262112267931e+00
1.108231385988449880e+01
1.454105455122913071e+01
-4.717410975075051027e+01
6.898262681549789832e+00
-4.338432639330407881e+01
-4.412199306501275942e+01
1.397832446224569702e+00
1.187393066995544899e+01
-4.882020332585307187e+01
-4.329727362683082958e+01
1.265807145394512823e+01
1.955994477220483319e+01
1.987503133706522007e+01
1.217960058170226034e+01
1.299656143331252167e+01
2.496400383190135130e+01
1.348496527363490749e+01
-3.796730607082417208e+01
-1.367651197880823899e+00
-2.926053079472641016e+01
-4.311984662027992954e+01
2.079566386580974324e+01
2.568405879699233552e+01
1.341449908849824091e+01
4.605292930997531009e+00
-4.778350327408143272e+01
2.867340813496913299e+01
-3.963298943766320548e+01
2.669578373042384101e+01
4.738542392213433985e+00
-4.666739209219229423e+01
-2.076951438209698075e+00
9.596883844521144624e+00
-2.345797483448237131e+00
-3.973814705108872403e+01
1.667304353413693008e+01
8.735705419486224699e+00
2.452351424265380686e+01
3.241243103480940846e+01
-5.108070169555077911e+01
1.059985494829369514e+02
1.491573791505518543e+01
4.441781838630565460e+01
3.040533001614832287e+01
1.659597944810609249e+01
-4.713472784838582186e+01
-4.496527792322671502e+01
1.029480788531820146e+01
-4.035047044634585944e+01
6.358394386339229598e+00
-4.820711759966512489e+01
1.267755338495284256e+01
1.371938780959490423e+01
-2.228626931282869261e+00
-4.981154610067586219e+01
2.451755034175893755e+01
1.458089559683648062e+01
3.238910119603209292e+00
3.721446686927268388e+01
1.140386741115397484e+01
-4.436154618254571602e+01
1.295815552293862893e+01
-4.517686910592347971e+01
-4.294428710597254906e+01
9.127096837003951801e-01
2.130110703491294544e+01
7.751179387002725463e+00
-2.799607684085695425e+01
2.128477206477855432e+01
-4.703738375950368322e+01
3.348235859514537083e+01
1.103968633184015715e+02
-3.161210821025324691e+01
-4.007723997198774413e+01
2.665809892653510715e+01
3.419343612887704609e+01
2.333203986609374070e+01
6.205353028516506164e+00
2.773774171044612302e+01
4.745891845754142579e+00
-4.379847670895938450e+01
1.874163851973364103e+01
-4.163828977479364823e+01
8.364360298617171452e+00
1.976112498198408574e+01
9.323254438832261570e+00
-3.369965876480966216e+01
-1.035273035795440055e+00
7.522165605772599406e+00
4.734617181190378687e+01
5.356697039548595995e+01
5.340357019243455738e+01
-3.880826894092848534e+01
-4.669350850548242704e+01
3.174900797294031563e+01
-4.227262150565447740e+01
-4.958368440977940139e+01
-4.841066327019490956e+01
4.157844320351517098e+01
-5.130498559510442647e+01
2.332891087325394963e+00
1.613679474464414199e+01
2.595718105821000066e+01
-2.183530429891507918e+00
-2.426350707000804618e+01
2.383497341514565093e+01
2.752036766288465586e+01
1.581495430398211788e+01
6.188870964892887017e+00
-4.356148942384544398e+01
2.353723593571905326e+01
2.568540875636874787e+01
6.747876723056542403e+00
2.605998397790040499e+01
5.183103054225226547e-01
1.973701551354780648e+01
-4.807504454152523010e+01
1.178865216187962162e+01
4.295349285002031792e+01
-5.161192028841644230e+01
1.393589879380190055e+01
9.039537827994394092e+00
2.264745660402667582e+01
-4.326551388376922347e+01
-4.229271300741165618e+01
2.017867684243566018e+01
1.747568797239110694e+01
-2.754738811020240874e+01
-4.454947944005304805e+01
-4.501852776617300123e+01
-4.839858459892108300e+01
-4.235550312021683794e+01
-4.058128797159591272e+01
-3.881968340320632649e+01
6.216297675729876460e+00
1.715345904888681550e-01
9.120596795998256567e+00
-1.108485579488274198e+00
1.205982061809173267e+01
7.243350180719137654e+01
4.653880082333991908e+01
-1.725756329484119167e+00
-4.749987892890027297e+01
1.001302703991472320e+01
1.848053498440104647e+01
2.546703642842717485e+01
-4.365267817227144320e+01
1.781783457793886072e+01
1.110763180716255327e+01
-4.523024055028337642e+01
-6.382354315545123447e-01
-4.702824278227092236e+01
-2.600822768430122167e+00
-4.263608518728651120e+01
6.901115170713524982e+00
1.324295978746744851e+01
4.697314092308165101e+00
2.614472759573243366e+01
1.572059218965882188e+01
-3.044980701797102540e+01
2.487198784163059173e+00
3.122979196469226615e+00
2.926680525793517873e+01
3.391507727061592536e+00
-3.289742697668701510e+01
-4.370202409741217764e+01
1.497064767129282004e+01
-4.601278452086719284e+01
-4.804989747416193069e+01
4.317566100408941310e+01
-1.591003101943178732e+00
1.081888266219514350e+01
1.740015748187260058e+01
-4.828240071508562892e+01
-4.326705118429702424e+01
6.686967206918042805e+00
8.357634026454672238e+00
3.506909175805071754e+01
2.313225703185055337e+01
-4.880423749280463142e+01
-2.355967601614073814e+01
7.395059574281445114e-01
-1.828854697972328580e+00
1.275946328991409828e+01
-5.043918661296974904e+01
2.324619983250837052e+01
-3.429624218796530677e+00
-2.618006214582077362e+01
-5.127504462015722853e-01
1.510164791640288406e+01
4.488334959707833249e+00
8.835591815076007549e+00
3.423455690007913166e+00
2.988100106738960093e-01
-2.342792679103649078e+01
4.708564226217656312e+01
-3.067741962989505566e+01
-4.981007609721424956e+01
1.665727649854912329e+01
1.246815192657533800e+02
2.782889733860029580e+01
-3.405358611314093764e+01
3.776417779332520985e-01
-2.020849054949902079e+00
1.897011171390908757e+01
-4.397649768485770494e+01
-7.756163339868614726e-01
-4.681538438991407247e+01
-4.377954549662598538e+01
5.136941309306350512e+00
1.443998611519010211e+01
1.787650914797282553e+01
-4.950890812187695644e+01
1.835493715980289267e+02
-4.274212625108899744e+01
2.806116035515024620e+01
-2.114465041618240804e+01
-1.075388600297108033e+00
1.915521019160969018e+01
1.215986258228333305e+01
3.595585905629994272e+01
4.022565518372860360e+00
3.239234822888884224e+01
3.110846495802936218e+01
-8.448141106936487565e-01
-2.665517816850010036e+01
-4.453196425765275990e+01
-3.834004116911989968e+01
2.200238826863152042e+01
2.918754196920928479e+01
-3.165560767527032127e+01
-5.022285999572493154e+01
4.010428906774294866e-01
-4.385459639609715765e+01
7.777618534979508169e+00
-4.784868012080374911e+01
2.777306669204686429e+01
1.307798377074052443e+00
1.369360226618046461e+01
3.523226807598762633e+01
9.390027614219152952e+01
-2.520833231459672419e+01
2.711240039997658968e+01
9.219399908339264371e+00
5.192085206023920207e+00
-3.023662375595532747e+00
2.087906280606258047e+00
-2.988347583840754140e+01
8.314573102912984126e+00
-4.380394711866718893e+01
-4.522010691316308062e+00
-3.522781688622571039e+01
-4.660635733569225181e+01
2.734938305889878762e+01
-2.644710310146771093e+01
2.075974722550701301e+01
1.158689522134145022e+01
-2.161664417607630284e+00
-4.435019775894372884e+01
2.511817986470220276e+01
8.559197781462458465e+00
-2.385391523101611622e+00
-4.121013995337823843e+01
-5.757007339474220053e+00
-4.313042276447088597e+01
1.062577143126013368e+00
3.699786735433436391e+00
2.109616674383203261e+01
9.375692285010721605e+00
9.160550293375216313e+00
3.733330251719188198e+01
9.167562400228259634e+00
3.837150075896557411e+01
-4.531591388001162812e+01
1.958083410152348236e+01
-5.090835312386490585e+01
2.109275026338340453e+01
1.668593885254600906e+01
-3.062372756298094245e+00
1.226666767616175768e+01
-4.465030437105642136e+01
5.066634323871847556e+01
1.036465054250445128e+01
6.550526001065854587e+00
1.460307510334751555e+02
-4.670209843373391578e+01
1.997321299192268285e+01
-4.614878629605544091e+01
3.658698033765427765e-02
1.046476742618039424e+01
5.453155936787892344e+00
6.287400193862197995e+01
1.173210450888258372e+01
1.579219709658877235e+01
-3.062881179068904203e+01
-4.253066879528489608e+01
-4.511757615949317568e+01
-4.674329615392781534e+01
3.346478703251420228e+01
7.833752660648829469e+00
-4.344466800599732892e+01
-4.395860107604875822e+01
1.366637977040560514e+01
3.860494149948466003e+01
-2.780805604856860214e+01
-2.709177320499261743e+00
2.464527701155169837e+01
8.575157540109236365e+00
2.620734487258663492e+01
-2.692766909692934618e+01
-3.921907895035791825e+01
2.191994205776866877e+00
-4.181580100542656453e+01
5.299790245499315944e+01
3.233635923262880851e+01
1.840979147990093878e+01
-4.915775557239724236e+01
-5.189127251036330790e+01
-4.578536925376982225e+01
-1.838601764982845665e+01
9.999247033456979850e+00
-4.290789559115285812e+01
-3.829864692028468909e+01
-4.946517956949404748e+01
-4.421237899552951944e+01
1.724134883510839700e+01
-4.906068146882453362e+01
-2.634024548027829038e-01
7.345024067697544012e+00
3.462660677490602978e+01
3.969279782672457202e+01
7.312610688598594422e+00
-4.283620754137056252e+01
1.983163744261409733e-01
1.089300865658920703e+00
1.956479210508399902e+01
-4.007079996390010734e+01
-4.319243941677174803e+01
-4.350263732906215353e+01
2.175722630911612399e+01
-3.678085660920984878e+00
2.059030011603513444e+01
-3.255722164735850743e+00
1.476427380158683356e+01
2.254071797023092572e+01
5.589222942687825224e+01
3.980671507102520934e+01
-2.482464674549819783e+00
3.190071491521880276e+01
3.214654199369936460e+00
5.313508332170435011e+01
2.471526556324445956e+00
1.467508479002853683e+01
5.313452133902687535e+01
3.053750836704439031e+00
2.812945741791095244e+00
-4.469009895525180553e+01
8.978195887252809371e+00
1.912665021090533912e+01
-4.680191071707579908e+01
1.106892352047454509e+00
-4.418483566395733675e+01
2.929811404293595345e+01
8.878134974311091554e+00
-3.019082143053099188e+00
-4.118952075412313008e+01
9.864941044456804420e+00
-4.160066754975471071e+01
2.332444680536906745e+01
-5.186652126032285537e+01
1.230111335112481719e+01
1.808863845783355373e+01
-4.476507800047038188e+01
5.320424750556014715e+00
-3.132376353039488137e+01
2.134687024713424108e+01
1.376405427014558391e+01
3.268827380873501198e+01
3.477794984315364957e+01
1.921716927490095017e+01
-4.689890553199306567e+01
3.063783551139964345e+01
-4.723057137083758761e+01
-3.770575593656294444e+01
-4.434584224676225972e+01
-4.730515438552866669e+01
-4.465237561830256396e+01
4.320005844070784207e+01
9.770421865661827354e+00
-4.511424707863351813e+01
4.672471624434204784e+01
-4.346291306058841286e+01
4.078604274643362970e+01
2.178195956784450971e+01
1.192219009441445365e+01
-4.295480458947096736e+01
1.290143366753510712e+01
-3.472912169497588764e+01
-4.916536334691945598e+01
-4.190610626671118411e+01
1.175622231266606121e+01
5.977492655934346644e+00
9.313261185275209186e+00
2.180966678840601247e+01
2.933281719435747448e+00
-3.341584676265785703e+01
-2.533750548899708122e+01
9.919826497654572250e+00
-4.409247608779248395e+01
-2.093938245805564868e+00
-4.207633239798054348e+01
-8.490547503795149442e-01
-4.726638398909575045e+01
-2.045334576847260877e+01
-4.706204130504385574e+01
-4.393736826919836602e+01
1.616251974133137992e+01
2.294601534498441353e+01
2.290648087578180636e+01
-4.366569112035956124e+01
5.999204471954809748e+01
-4.923181972487181923e+01
1.321841919266330478e+01
-4.596849965328342336e+01
-5.126181275905311452e+01
3.836886092867016629e+01
6.796727966098727336e+01
1.454575343732328285e+01
1.759338426670488076e+01
2.208303875750140932e+01
-4.507481894669744804e+01
-1.662271825861562746e+00
-3.077024682286842250e+01
-4.389787349577902376e+01
6.213268948243754153e+01
-4.582927126186196887e+01
9.283675975994551521e+00
-4.244873979007508780e+01
-4.709886117644414583e+01
3.306022758705576337e+01
4.635740546600356282e+01
5.841320405932494708e+01
-4.762476836465239671e+01
3.347092714007155223e+01
-3.578258659329984681e+01
3.169484847603651012e+00
1.369777117499500996e+01
3.874802710136375339e+01
7.146162096945916531e+00
2.130150870972006771e+01
2.271429407094518993e+01
-4.737997987024187552e+01
3.155102422927907924e+01
3.875033448453294938e+01
1.860746988773842148e+01
3.858810212690904073e+00
-4.514424648474587798e+01
1.514466261320210982e+01
2.190793493100068901e+01
2.318246865542379354e+01
4.891585419870506257e+01
5.010515300309700137e+01
1.513454240070157653e+01
9.180810726932655541e-01
3.283218484749792943e+00
1.605744795517674017e+00
1.267952795490162643e+01
-4.537943357388584076e+01
1.985563671482226411e+01
1.579756579079455570e+01
-2.502504757810110192e+01
1.998217231109794412e+01
6.090690375332524553e+00
-4.610170120675402927e+01
1.138006521957507644e+01
7.928395073314006503e+00
-4.596299350367267778e+01
-2.084515032348420149e+01
1.145111336519143919e+01
-4.716823805562879812e+01
5.371657690612513392e+01
-4.701042354524440015e+01
-3.185018239202948109e+01
2.798132813876979341e+01
2.048569904761520011e+00
1.894833098923264458e+01
9.807134145289191807e+00
7.584455664461737356e+00
2.569573816003999411e+01
-4.555868666961262647e+01
-3.999024447538379690e+01
2.784192995443584451e+01
-2.747297531373273571e+01
-1.954883858756779835e+00
-5.255956572595142262e+01
2.754132815862971739e+01
-4.580401975520122448e+01
1.217055196711340992e+00
2.442845184170596440e+01
-4.500594531233043227e+01
1.235880114466065827e+01
1.820794058966306750e+01
-4.810536845550947760e+01
2.194023877920323073e+01
8.820968787100261110e+00
1.837941077185327288e+01
-4.545469052160810008e+01
1.430463579671968510e+01
7.340301399971694707e+01
-4.192202445075885464e+01
2.509046313016876795e+01
3.678214971948582956e+01
1.409719117152739898e+01
-4.377712571980956824e+01
1.360178283543031519e+01
9.324306800495614667e+00
2.470414734601435214e+01
-4.657207632860763624e+01
2.512898519475837311e+00
3.887654931729846197e+01
-4.814231690445277678e+01
-5.023849394626586218e+01
-1.672694648503767922e+01
2.219730780534334258e+00
-4.423116506286833527e+01
-4.651657277020282066e+01
1.336232400176878521e+01
4.589208305292559942e+01
1.617198948118924307e+01
-3.318878442753415925e+01
1.154232578496516481e+01
-2.883849481183663688e+00
8.661832319151713477e+00
1.456440019543674635e+00
1.336899768378617814e+01
9.092433562078195308e+00
4.406726931520493906e+01
3.082777054422084362e+01
1.115026116065356909e+01
2.316760087164416859e+01
-4.586258676377342169e+01
-2.174175494202427572e+01
5.792494257262862156e+00
-3.544687113181436899e+01
1.723454478718644101e+00
9.607872681531457459e+00
1.250540203766152203e+01
4.601767684979696327e+01
1.831208158296781505e+02
-4.527925815808262655e+01
7.072767131239514171e+00
-2.130962114822538567e+01
-3.513809564123415896e+01
-4.739686490110187833e+01
-4.753200461545380051e+01
2.643867714740707342e+01
-2.024666858718905171e+00
-9.526824995973436350e-01
-5.107205542663993469e+01
7.122039835623582782e+00
-4.468171097515482870e+01
1.634423711983379945e+01
1.043653871372684350e+01
-5.634185286530338566e+00
7.486998202466368824e+00
8.685380086378536646e+00
2.875217532027590561e+00
2.042924266618263474e+01
-4.756857917270466629e+01
8.924994234307977337e+00
1.081643337475999900e+01
-3.620035025938050666e+01
2.259122656415290820e+01
-4.445755214197937732e+01
8.507830590499448675e+00
7.651599043776736941e+00
3.173049345320984926e+00
-1.313388906969560388e+01
-4.120965640728376655e+01
-3.646556378549388455e+01
-2.976403357883642897e+01
1.755160474230655154e+01
-2.400719405927019068e+01
-2.680378806342492837e+01
5.992629080404517339e+01
5.898279681503680649e+00
-1.105284538372019298e+01
-3.834798399488052212e+01
-3.676318647740848178e+01
3.299941146003832415e+01
2.611506589980842286e+00
6.905942819017386824e+00
-4.010126980949295472e+01
5.490485153844961275e+01
-1.800996033982744038e+01
3.163044386788325557e+00
6.839593201921414334e+01
1.730576374161296371e+01
1.345221271366137827e+01
6.561656839254087714e+00
-4.931297824631320736e+01
1.107289380856294159e+01
-4.953624515998169642e+01
1.407315526285368534e+01
-3.482892698701238743e+01
1.491647175750533094e+01
-4.840018210159686873e+01
2.943074298029047142e+01
-3.070806254436143234e+01
4.051732576805436636e+00
-2.736054176388899606e+01
6.319687179605006477e+00
6.758782055882975648e+00
-9.438268060500695222e-01
-4.800335315218602972e+01
1.734782830159074081e+02
-2.590055371002397422e+01
-1.481834174675561044e+01
-3.477255888452550181e+01
4.360694122254933802e+00
-6.166978190544832650e+00
-5.954290674331844890e+00
-5.112279424987845289e+01
-5.055247160065349021e+01
-5.159032346159300886e+01
-1.736424826298182955e-01
-5.192088448284881963e+01
-2.672150896452554392e+01
-1.266041864633487357e+01
-1.499526037327090400e+01
-2.780740097985362880e+01
-2.625784792699714032e+01
-2.878755984175981553e+01
-1.521909135665317514e+01
-1.654873822852131227e+01
-2.903673014826824073e+01
-2.866590185441119232e+01
-2.312831757779219188e+01
-1.618897479819789709e+01
-2.492516499702119148e+01
-2.860963434510232872e+01
-3.102361738216457709e+01
-4.810288577472739036e+01
-5.051904521532875947e+01
3.786585058043646423e+00
2.154689722189304391e+01
-2.911155109144779818e+00
-4.316079126734321392e+01
2.157286015228564224e+01
-5.139287658389314117e+01
-4.887313724828948125e+01
4.242817065406088162e+00
1.686253993024850573e+01
6.742596372991960152e+01
3.723603541275672768e+01
-1.687753607448335913e+01
4.203594766464387789e+01
1.011065725164283791e+01
2.297762148910542646e+00
-5.225009178843738766e+01
-4.883392307179771308e+01
-6.612599716468412936e+00
-4.995234775275737782e+00
5.459178238095766034e+01
-4.788850711547596006e+01
1.648857059688846860e+01
-1.323355628698998210e+01
-2.495173384453563159e+01
-3.262458697914160766e+00
-4.714740569175020113e+01
-7.446493668158055135e-01
-4.618135282841915767e+01
1.899409823004110009e+01
-1.855390930432029073e+00
7.825995940548126306e+00
-5.078241260926521505e+01
3.988647828492647562e+01
1.098825004325811783e+01
2.970142219289515140e+01
-1.948387257973699604e+01
5.118928832750829372e+01
3.237303328690220638e+01
-5.414306692156610978e+00
1.881472396655957269e+01
-5.031170092224987656e+01
1.612142916997224873e+01
-5.089834699715527933e+01
-4.998380746595272939e+01
1.503816980473178866e+01
-1.931443455806616250e+00
-4.460709682732424408e-01
-1.618212774326674719e+01
-2.905269576812457188e+01
-5.065837842073698027e+01
-5.146157729595090302e+01
-5.101291690752704966e+01
-6.812458374817137674e+00
-3.199486390442835670e+00
2.086613545330195052e+01
2.160673455846115232e+01
-4.934585652630116925e+01
2.162501326432395743e+01
2.609874246487681049e+01
2.947161435449905298e+01
1.318105317098314799e+01
-2.460020393098963964e+01
-6.872797611753163061e+00
-3.314306336633578809e+01
4.244716467659458203e+01
4.264888454330927559e+00
1.098056589888251189e+01
3.452764736582341953e+01
-4.619940096785904871e+01
1.921679822516711056e+01
-5.101201508292768949e+01
1.139327616191788195e+01
1.438337674270770883e+01
-2.209839590921637509e+00
-4.276418213172776461e+01
-4.807250764470598625e+01
-4.828396352051423435e+01
3.938739265103508558e+01
-5.035186002372450531e+01
2.506983790091708642e+01
3.237193762438155886e+01
-4.731215158460796033e+01
3.135168317282654726e+01
2.639396754116595645e+01
4.819200541627833445e+01
3.349313144592593972e+01
-5.036797338356877418e+01
-5.104371871656684334e+01
1.117743952612772951e+01
-4.906480233154663750e+01
1.562285590977104377e+01
-4.536566666594811892e+00
-3.102443768673212432e+01
-1.001709775146700032e+01
-6.047549932308529108e-01
-4.964538120357373430e+01
2.237767157367215987e+01
-2.362963408237663820e+00
-3.135232197961578482e+00
-5.130168271330090590e+01
1.549583422142058886e+01
4.351874848392832007e+00
-3.793351550148589713e+00
3.527352633867308906e+00
-5.121702044018971378e+01
4.745554026128701031e-01
1.518292614412190922e+01
3.688064805764877008e+01
-5.142329414196502313e+01
6.347102730403074133e+01
1.964757727622605188e+01
1.429707782238075175e+01
2.537106192832301232e+01
2.376592749821346118e+01
-4.515815507345264379e+00
1.617101492778951055e+01
1.821162762530715185e+01
2.557356711587939202e+01
1.474943374610145419e+01
-4.251231095280704153e+01
3.705521541830623988e+01
1.356488002276324245e+01
-2.020792581014749345e+00
-5.009512256363934490e+00
2.227502370343147930e+01
3.758653212672448518e+01
-4.841383379854774205e+01
-2.781809027074918284e+00
2.989644151020557317e+01
-4.846001502873756550e+01
6.320412560003275892e+00
-2.455659517379611412e+00
2.466223745251124555e+01
-1.689483555980301333e+01
4.886735449393306396e+00
3.133916660325526848e+00
1.725770154074870533e+01
8.307857176318441006e+00
-6.032701460348840472e-01
2.188701932487269630e+01
8.104005256385351075e+00
1.517998680010468426e+01
-2.003865265492847492e+00
1.383624418560242297e+01
4.499760023434320466e-01
2.898357056196504900e+01
-8.216370887111994037e+00
-2.818627506709103780e+00
2.442924414164125935e+01
2.467911957012640656e+01
-2.731088315219980078e+00
-4.539003929142010207e+01
1.889143909099414387e+01
-2.546267336846173901e+00
2.782067640134338404e+01
2.272095057413029195e+01
5.457450617885676536e+00
1.381987767077015050e+01
4.617922569332478133e+01
1.337302782091220665e+00
1.574533117276621930e+01
7.553845666341516552e-01
2.997195962075230469e+01
1.897130150004343108e+01
1.614815009181373284e+01
2.300373827659290527e+01
2.050317930647706888e+01
2.291642994016588375e+01
2.322500712194862160e+01
6.760193957755560312e+00
-1.906540127022806175e+00
-2.383831560457811971e+00
-2.516085223705925689e+00
2.315551071130980887e+01
1.129756107927727626e+01
4.966699462324958070e+00
4.343826493597839900e+00
-3.443951625373049996e+00
3.355383280045598937e+00
-4.966536666399024114e+01
2.980101441426596764e+01
1.796546714194050409e+01
4.103445193384134626e+01
-1.242286155685282889e+00
1.055641894807094729e+02
4.893491927386237172e+00
3.888741362547360580e+01
2.601299699624009065e+01
3.678648060698688482e+01
3.253822210396506165e+01
3.936203556186974595e-01
5.735005724648859271e+00
3.743058689022433327e+01
3.132402713988400578e+01
3.365576979462328921e+01
1.791039672366216706e+01
2.157370045501901146e+01
3.819306462595218221e+01
-5.188739642494483206e+01
4.517215459254901333e+01
5.396305649425114837e+01
4.082995347525879737e+01
5.155005372593164026e+01
3.233087657381031477e+01
2.499264005391070853e+01
5.503419018705623955e+01
-6.239297993547921611e-02
-1.849113512897721856e+00
5.856536146164362577e+00
5.721871697782091815e+00
1.238760830523704897e+02
6.434606024486720344e+01
1.225835268847003334e+00
-1.136378052001403294e+00
-1.425726634092383316e+00
3.535993245519581762e+01
-5.155819679860637450e+01
3.721072491856031661e+01
1.106551623048029498e+01
-8.937784927824987680e-01
4.023489325228537083e+00
2.175206526433716192e+01
5.193417890291625838e+01
1.420430309552899040e+01
1.675674473986272872e+01
5.468008766503640317e+00
2.182193156849270466e+01
3.924965374012509756e+01
4.095541467176019523e+01
2.259492972892169327e+00
2.332882151210726462e+01
-3.420912372842887628e+00
2.384835203492763966e+01
2.059283548045299739e+01
-4.740790090209929275e+01
-1.623169124177995082e+00
1.047699560823549092e+01
1.402297743034143274e+01
-5.040329856986843282e+01
4.110805799437575736e+00
5.553060632352027959e+00
2.526894004894420931e+01
-4.694264819720946336e-01
6.461639045327063968e+01
6.055793105470689142e+01
-2.242441862825005572e+00
5.114521256106055347e+00
-5.095884928881906006e+01
-5.100697023730167956e+01
1.191811081806029549e+01
-4.994272832388852379e+01
-5.106047348927423002e+01
-5.114449987417832943e+01
1.399583177732307959e+01
-5.107916031031091109e+01
-4.443596855452029359e+01
6.733764894711642413e+00
6.297957106636648206e+00
-5.296046316949723121e+01
-7.449295879883494065e-01
5.201092366792731347e+00
7.804256197230350800e+00
6.497076386266633108e+01
9.735230838160958911e+00
6.893426059898430935e+00
3.143394958255144367e+00
6.527036531923590346e+00
7.331498245085118270e+00
3.727322502554935824e+01
1.261392962324396372e+01
1.346255392811025464e+00
2.413990583247095500e+01
1.428797612251676163e+01
5.297079399253023269e+01
3.425254062538041921e+01
3.630738252327522009e+00
1.425335934484361111e+01
-3.651283298147546930e+01
7.869313381810297159e+00
-4.724193307679892229e+01
7.900982112421408576e-01
-4.849587325548890249e+01
2.540066583513141130e-02
2.237909930455012031e+01
3.951734361403993478e+00
1.027996566116049770e+01
-1.977785949451367209e-01
2.295736055635534179e+00
2.164279984602068385e+00
-2.055201428794374507e+01
-2.012823274444869170e+01
-4.294761820915189077e+01
1.811711667972236484e+01
-2.236641714832071060e+01
-2.475714391833131955e+01
1.667767265085842388e+00
-2.523153619824705984e+01
-2.808751232992824587e+00
-2.887055067716340062e+01
-2.763558630521702497e+01
7.530291852669689590e+00
-4.945987731189863013e+01
4.867849039363304264e+00
-4.032732799919818145e-01
-4.800375217072379286e+01
1.135074614382085301e+01
-5.128377613414150993e+00
-4.789742907852777876e+01
-2.635983887929382430e+00
3.291199015900860303e+01
1.084795085929539304e+01
-4.242292729795001094e+01
1.352965878286924450e+01
-4.454488993856810453e+01
-1.176437773860974012e+01
-3.293980036124313227e+00
-8.854002040772153137e-01
-3.206063634312722233e+00
-6.245634705073698001e+00
-5.245249332191198732e+01
-1.258538050534596886e+00
-6.418177608904058751e+00
-1.366728794957704718e+00
-1.274668353424543099e+00
3.824742368655210001e+00
-4.846566420516419527e+01
7.008339063584828921e+01
-1.040426814156591639e+01
-1.910759831674543108e+01
-5.365575993196891602e+00
-1.074392267048859040e+00
-3.575984041290297455e+00
2.398262495951132109e+02
-1.337830990427975264e+00
9.827767010213908350e+01
-4.072475439900373750e-01
-4.852694336858112223e+01
5.170929379400106427e+02
-2.650689446569727270e+00
-3.184662897240412960e+00
-4.457986888362935218e+01
4.323101400016353750e+02
-1.114308460245155885e+01
-2.609637772050086735e+00
-4.668605976068815977e+01
-5.898433967763229147e-01
-1.697298197276358556e+00
-1.783452830037342229e+00
-4.106936555686200307e+00
-4.873573980808148520e-01
-5.539598849536386121e-02
-9.866465799906317669e-01
1.472203278440553902e+02
-1.255302592944695039e+00
4.622590466019195787e+02
-1.221555336742877473e-01
7.769595221171636013e+01
-5.713543236544312620e+00
-5.218967474188267452e-01
-5.815349197432166939e-01
-3.716183402222901666e+00
6.307156824690338226e+02
-8.433940449840060527e-02
-2.455701337683346086e+00
-4.823033578299894941e+01
6.824383721443886941e+01
-2.869900839010226790e+01
-2.190533162197087158e+00
-4.169187377749860701e+00
-3.373624668499208834e+00
8.655377168964993473e+01
-3.905329525259435997e+01
8.661462152421636063e+01
-3.910510099879316925e+01
-5.207452750456690316e-01
1.494109647532339977e+02
1.547551315077750758e+02
-4.544452112431800117e+01
-2.301140727416584930e+00
-1.505025836659725558e+00
-4.849541830102563722e+01
-1.818150689049305058e+01
1.375799232459971790e+02
-4.523529305234652576e+00
-4.636477733860934336e+01
-4.717640507412284023e+01
4.446620424993438792e-02
-2.460774297035688729e+00
-8.368803741865026291e-01
-2.030027464794728065e-01
-4.903668456865572267e+01
-2.233892076309733632e+00
-1.099161224837015949e+00
4.099294761006457577e+01
-4.751539192501952868e+01
-1.648024919531031696e+00
1.011442021835425606e+02
-4.788424166950486338e+00
-9.394146236393047245e-01
-4.754621799340767296e+01
-4.727131315388507460e+01
-1.899804324949493051e+01
-1.446177692218172162e+00
-4.735375881108881657e+01
-4.573679461788786682e+01
-4.494979087782242289e+01
-4.048363274461359573e-01
-1.485231086011073032e+01
-4.637931954092474029e+01
-2.293558519890966096e-01
-1.228468392210305543e-01
-4.852939362897126241e-01
-1.440092288891891847e+01
-3.555668805233483720e+00
-5.053668833350502609e+01
-4.250017512168926537e+00
-1.991018540681423893e-02
-4.940446933612999691e-01
-6.751383077964500323e+00
-9.559226947180352596e-01
-3.931656061317513107e+00
-2.199968027890156774e-01
-1.252745673210993838e+00
-6.263421133987879807e-01
1.135053126143747306e+02
-1.682714300300837129e+00
-4.565984826290927856e+01
-1.164756443294063182e+01
-8.100249472125333750e-01
-3.599236407352022660e+00
-4.692960730394919011e+01
1.067242900294694152e+02
-2.433060571404701999e+00
-1.151566375811942544e+00
-2.422656099468706303e-01
-1.640720686678600160e+01
-2.683025817480399056e+01
-4.627869651980486054e+01
-5.093644324932040490e+01
7.792133629953598373e+00
8.037027349992902359e+00
-3.013441303670165716e+00
6.461158007916448298e+01
-2.766491834725895327e+00
-4.751173695089463678e+01
-5.066024747758740565e-01
1.517385757107258826e+01
-4.855876222736800685e+01
-7.384913490661104696e+00
-2.134861060852696113e+00
-2.307585064681257592e+01
-4.745641423987665064e+01
-4.683125489573019706e+01
-2.157733711600596571e+00
-5.106172178169413201e+01
-3.866205196995154125e+01
-2.894631631888507917e-01
-2.020466311941310877e+00
-5.720824472702342511e+00
-1.252713784397415964e+01
1.526129509903150172e+01
-1.639660973719691828e-01
-6.184933810371619212e-02
-1.804968372729377490e+00
-4.880876840768932468e+00
-8.002565111851535073e-01
-2.966316289245765958e+00
-8.728777366758221079e-02
-3.200729645021699876e-01
-9.988143630576422627e-01
8.112153059513401843e+01
-5.477995649613663920e-01
-6.519643484293642377e-01
-2.206771283231767633e+00
-4.777856452346526339e+01
-4.634354344634802558e+00
4.411911886059360910e+00
-4.790693367384982082e+00
-2.952552531604901165e-01
-5.248587390963320720e-01
-6.227908454108328495e-01
-5.375291990970618272e+00
-5.003084309070288116e-01
3.760281315725370632e+02
-1.306555187550606156e+01
-4.570046424302989863e+01
-4.707208797545262335e+00
-4.631530313214546446e+00
-7.397092757277158093e+00
-6.337372776457739221e+00
-3.786729037697286060e+01
-7.065212883054498683e+00
-3.752613045233130773e+00
-4.819465325173983672e+01
-1.061239090239191496e+00
-3.996513050860971195e+00
-6.375105723610897002e+00
-4.608647292855987843e+00
-1.055140990764801695e-01
-4.624872872206274188e+00
-1.294785314386290409e+00
-9.971395729776412864e+00
-1.065109701050483970e+00
-3.246797286722200582e+00
-2.313766885812690788e+01
-6.499319427916280034e+00
-4.596564061012490754e+01
-2.992881564488333090e+00
-1.527024043754336535e+00
1.102000478015562948e+02
-6.741949225761057818e+00
-3.132345912010053635e+00
-4.696118652074893873e+01
-1.573239692301891646e+00
6.606431364260157579e+01
-1.192405473848296005e+01
-3.264847975465132279e+00
5.463115941119027319e+00
-9.930458843003153291e+00
-6.065880102264739060e-01
-5.131310791085504919e-01
-3.561526376767812962e+01
-7.019840039087190675e-01
-3.210500376932862721e-01
-6.438290771355403841e+00
-4.931309473845627878e+01
-9.849011846082479371e-01
-3.943070056843674731e+00
4.878151776093251790e+00
-3.136791428649268187e+00
-2.588265205383006773e+01
-3.659488505840530337e+01
-7.836140807106943829e-01
-6.616646592861329390e-01
-2.069261346891416053e+00
6.145493508064625132e+00
-6.762194845254554387e+00
2.559451031397047984e+02
-5.897862509939271192e-01
-1.552796810776707614e+00
-2.921696311138243907e+00
-3.138913487927824431e+00
5.811663721539481742e+01
-5.407358374438342441e-01
-5.362790383137952865e+00
-4.807259713742830343e+01
-2.503081340695973100e+00
-2.516428382582424739e+00
-2.644450469664130665e+00
-6.450497685829859940e+00
-4.891160747078119897e+01
-1.263736202462540925e+00
-3.943891490844975700e-01
3.076808162752313058e-01
-4.855804047499900378e+01
-2.780590302450949736e+00
-4.724864960607447983e+01
-4.890593581265252965e+01
-4.607993140825019651e+01
-4.536833255341394988e+01
2.632378905701526151e+02
4.138934162454086874e+01
-9.149824785278676487e+00
-1.034669199158874520e+01
-4.904371245481271302e+01
-5.551096391860682822e+00
-4.936438508883322385e+01
-4.926791707451441127e+00
-3.255702100896603213e+01
-4.638754897104671926e+01
-4.367794220060673971e-01
-1.077728427739157624e+01
-8.860589828291066672e-01
-5.065231369137589645e+00
-5.150595930707900116e+00
-3.877656274373657563e-01
-3.469329879724587062e+00
-4.942210649522442267e+00
-2.807648769794308663e+00
-2.896206365937174709e+01
-1.614507403612034098e-01
-1.103912156846597981e+01
-3.101675515100077885e+00
6.674799919453271890e+00
-3.702384563566550213e+01
-2.034554254657414685e+00
-4.401671259842478889e+01
5.705853384227972214e+01
-5.922653422065790041e-01
-3.518467883480989933e+00
-4.467378213536549736e-01
-3.526820058487559351e+01
-7.520618250159698537e-01
-5.234739265675789621e-01
-3.296638668627417390e-01
-4.861436126461616425e+01
2.753840902239024402e+01
-4.408438305865921003e-01
-1.419966088417419503e-01
-1.289585494347876615e+00
-1.571285821071301569e+01
-5.158475823086694056e+00
-4.940624763810965447e+01
-4.639062837554737939e+01
-3.893219609818725502e+01
-6.998678573895957822e-01
-4.738187679042931560e-02
-3.047648905515114137e+00
-9.867785286966524794e+00
-4.699908986694628643e-01
-2.192558257870498650e+01
-1.281414121159777597e+00
-5.326559566406864121e+00
-8.950163991417712239e+00
-3.707262158577655509e-01
-3.756528018295023230e+01
-4.627181255859188269e+01
-5.989692966443227462e-01
-4.132196499556417102e+00
-3.344136578452207575e-01
4.682116516005107769e+02
-5.741331352392634813e+00
-1.655258247909090930e+00
-4.278245606417397262e+00
2.572552511384596983e+02
-1.825860988706829335e+00
-2.723194885688022884e-02
-4.827443794530278609e+01
-1.962640843333613327e+00
-3.198922478364982780e+00
-2.942983005701813037e-01
-1.841372978792601645e+00
-4.053172384887187896e+00
-3.672777607440170566e+00
-6.102929292016987972e+00
-1.128812772247162366e+00
-1.978237880025225159e+00
-3.582094450937120200e+01
-1.062321645756496569e+00
-7.383648911634524969e-01
-3.259019414836656914e-01
-5.194988833220909896e+01
-4.568967325051885298e-01
-7.516377748419550642e+00
-3.774614546028457340e+01
-1.060500504525196064e+01
2.839420992260360421e+01
-8.514677197144494558e-01
-3.861623401397519917e+00
-2.468068810227156362e+01
-5.032437833489647971e+01
-2.111568523688016619e+00
1.607064949846196953e+02
-4.393971896940985777e-01
-4.592659835382693068e+00
1.880694321635802737e+02
2.756235618372984675e+01
-5.204891656658331422e-01
-4.075033416684777698e+00
-5.065683238773583241e+01
-5.144320636510832401e+01
-1.321106125721889013e+00
-6.141425429680096748e+00
-4.506437869385809591e+01
-3.672890926583005200e+00
-3.852591586796223488e+00
-4.607273788815398063e+01
-4.851065598804117293e-03
-1.013343256872022558e+01
-8.195288538752514007e-02
4.373514526315323003e+00
-5.118820591208780080e+00
-4.686217764051704648e+01
-4.939566696508061483e+01
-4.702333373286571572e+01
-3.137752476275146307e+00
-2.556885691947181183e+00
-3.177524110734166740e+00
-2.834637276259626137e+00
-5.348990921518232966e-01
-4.761090311620917248e+01
-4.604605321863821388e+01
-8.771489276359029086e-01
-7.184759460718585622e+00
-3.284157193015304621e+00
1.139432283286563496e+01
-8.433116125669856689e-02
-3.392307864208610191e+00
-4.027413993380752899e+00
3.349659671982939102e+01
-1.598165471825229167e-01
-4.640186894129397643e+01
-5.888466957978313321e-01
-2.134551040517129294e+00
-8.638906764477096711e-01
-1.697493423175718830e+00
-2.124207380195409223e-01
-2.695579303673515614e+00
3.112423042436830656e+00
-5.012293642582186237e-01
-3.995917215168400816e+01
-5.388001882111175256e+00
-4.488875235179181544e+01
7.026696545522828785e+01
-3.414723148772309091e+00
-2.040441827030054500e-01
-3.555294090550483954e+00
-7.293760654054953996e+00
-1.080586943950353929e+00
-4.856727926440839838e+01
9.894575303029817803e+01
-6.001231397788642674e+00
-5.178322725087044498e-01
-1.026438514134751756e+01
-5.249651556993165258e+01
-5.129726738804661901e-01
-4.169615480839888311e-01
-2.221857064494370704e+00
-2.471988049512078067e+00
-4.616717702050488725e+01
-2.832200580591251349e+00
2.894541026794738059e+02
-4.695577839442012902e+01
-3.606017548144925655e+01
-4.594286319851184430e+01
-1.055570493088143547e+00
-4.503705441317880087e+01
-2.025486625691107534e+01
-4.874112446939907528e+01
-4.694248524547201540e-01
-2.165940208097285158e+00
-9.266622725715475184e+00
-2.093642747252552283e+00
-4.928337427271007876e-01
-2.290602495836536079e+01
-3.204135258829463595e+00
-9.229569563250280551e-01
-3.553633138139611347e-01
-3.760523050732717110e+01
-4.978520106551039248e+01
-4.758547614813675608e+01
-3.522835303771906013e+00
1.506257671145794852e+01
-2.488074654025661303e+00
-1.446204076237507907e+00
-4.811796053626338776e-01
-2.680376840735390509e+00
-4.834458467195524634e+01
-4.150964175036900627e+00
-3.590548433645532334e-01
-4.851569083767898150e+01
-1.026747771824521482e+00
-1.054547830811169007e+01
-5.596150389654991342e-01
-4.543719892935849458e+01
-1.797371842733589686e-01
-2.303328787152087642e+01
-3.447616157765234224e+00
-3.026736802086102518e+00
-1.142514660349530198e+00
-3.660555643975290252e+01
2.114476459368241912e+00
-2.044828406744744864e+00
-1.838618640255609837e-01
1.706446246214313760e+02
-3.582372292499092481e+01
6.573743699496617410e+00
-2.035242531916682918e+00
7.970321848705749801e+01
1.371115826070786170e+01
-1.122459858682283818e+00
-4.908366483157570737e-01
-8.348900158920482539e-01
-9.164803694698328229e+00
-7.797455984085301939e-01
-1.958968158111058244e+01
-6.245038115345693974e+00
-4.120000499446692110e+00
-4.644710427905654626e+01
-5.110557417079044029e+01
-4.803152779560046781e+01
1.241499834101594928e+02
-1.068621207865393524e-01
-5.009113636743469300e+01
-5.184622301190119487e+01
-3.609377381190749912e+00
-2.863258772161138666e+00
-3.074941127240706340e+00
-1.024042137798214513e+00
-4.797025690443902590e+01
-1.002385953889334935e+00
-1.292884580270049710e+00
-2.570094448935110742e-01
-2.117974980599215851e+00
-2.060656982947820515e-01
-4.738763735120691223e+01
-1.754564601153360826e-01
-2.335141717044506571e-01
-2.288056731007821920e+00
-4.871758414951827820e-01
-2.278992127813575408e+00
-4.650299076634890838e+01
-3.924157360522148963e+01
-1.690833590553128207e+00
7.932678390743433283e+01
-1.307367466165794800e+00
-5.213051586137487092e-01
-3.934604101048186475e+00
-5.374668299542282313e-01
-1.875029746040453027e-01
4.433281988706550578e+02
-1.888206938038747840e-01
-3.864211392905425591e+00
-1.234443448151168188e-01
-2.348029229522718087e+00
-4.732873344563376938e-01
-1.022261728941578696e+01
-3.652402423181627666e-01
-6.433576271487203790e+00
-4.860822373121642670e+01
-5.259740614917407520e-01
-3.229722800350908418e+00
-4.723970050503265128e+01
4.086082281903448177e+01
-6.578894129340252528e-01
-4.900669706371999013e+01
2.410841741194443273e+02
-6.725866268065348041e-01
-6.124733553614758463e-01
-1.219298322224682485e+00
-3.228118821826179818e+00
-4.465637937762420018e-01
-1.076805123174337186e+00
-4.687110356852034476e-01
-4.577969942522432945e+00
-5.263560410756550567e+01
-9.111491585086525902e+00
-1.205162902608309494e+00
-8.892309332314939085e-02
-1.676541803936288377e-01
-4.861444742224687587e-01
-2.694037403736050384e-01
-1.723636862484781096e+00
-4.428563354183411294e-01
-1.642038188554752476e-01
-1.505312015059549591e+00
3.178299368043974865e-02
-4.127709570268887518e+01
-5.844047333042482473e-01
7.927038023438772729e-01
-1.579647694076597553e+01
-1.342797145559903038e-01
3.458932192138032935e+00
-2.534118520879155678e+00
-1.379007350712215363e+00
1.208481041248553467e+01
-4.773331290008529493e+01
3.503425384297434420e+01
-7.762409243352640376e-01
-9.077235727450734537e-02
-7.376455432026281400e+00
5.741009303073608407e+02
5.342921567396837190e+02
2.752492209134486529e+02
-4.891431568868511448e+01
1.771836495832224614e+02
4.271589417676371880e+01
-3.705173145467711704e-01
-4.761939257991036811e+01
-4.693240989842954036e+01
6.689263821542672872e+01
1.845997147316743963e+02
-4.780343117266460951e+01
-8.333741635486344279e+00
-3.735986099707744756e+00
3.251445729142781005e+01
1.721749972176158110e+02
4.240625073910232246e+00
-4.806026298401950214e+01
-4.698642907988053707e+01
7.452819132683110581e+00
-2.601546774494422287e+00
-1.894785353912368520e-01
-3.991994248907925424e+01
-5.125593860440280203e+00
-4.188406744668341730e+00
-5.131942367620675327e+01
-1.004225147145067609e+01
-2.912413594915028714e+00
-5.391695822846501507e+00
8.543509139853165379e+02
5.054619728387019961e+01
-4.771406747746107868e+01
-5.306797359364744393e-01
-6.724717258099889294e-01
-5.045598723841514754e+01
7.329951665911552894e+00
-5.230790154110049883e+01
1.314546551128445060e+02
-3.357945690829146068e-01
-5.124218411281155028e+01
-4.994681661967389630e+01
1.239033282626337353e+02
-5.052066423925746363e+01
-5.052879587860676924e-01
-4.131326797838738685e+01
-7.016389410998715270e+00
-2.074767752831676049e+01
-2.310616640808762945e+00
-5.683646336179187797e-01
-4.767191687599240879e+01
-4.691855264395576341e+01
-4.782126520213223841e+01
9.053484903318717159e+01
-2.434842775532841674e-01
-9.198342402906693138e+00
-5.707258400931678466e+00
-8.270797271720505606e+00
-7.877993114821455478e+00
-4.470181517287654671e+00
-3.065282486610013990e+01
2.022237384228837342e+01
-5.303554286349310143e-01
-1.895105052345761543e+00
-5.098873885320567845e-02
-4.948381598882637888e+01
-3.071504123913219697e+00
-5.966558554176375484e-01
-3.246025764120463286e+00
-1.201993087140987448e+01
-1.629474661563083870e+01
7.446747258874966136e+00
-4.765561629102369068e+01
-4.741487830321491970e+01
-3.800869152616440649e-01
-5.125023041132985924e+01
-3.208089059704968804e+01
-1.785298835821376162e+00
-1.195395052611499942e+01
-4.856905795186061425e+01
5.990324913770309401e+00
-5.368783637538202536e-01
-8.024469952983501742e+00
-4.845963401425510853e+01
2.893237530207441921e+01
1.180390435735644559e+02
-5.035919133943124137e+01
-3.917726351861250578e+01
-4.816542293639703587e+01
5.174253426049660476e+01
8.841336203118596870e+01
-2.687417663553272718e+00
-3.965971675378674632e+01
1.158891254985732466e+01
1.180521644470482698e+02
1.479274266984842541e+02
-1.378620789419606085e+00
-4.697476155873619774e+01
-4.898038844651778589e+01
-8.160407964498789468e+00
-1.166776973712086907e+01
3.812716592474144761e+01
6.385294117568139427e+02
2.144006778897381480e+02
-1.126616436422873591e+01
1.896930705615903435e+03
2.866589902322069179e+02
1.420476645592773313e+00
-3.599876729291775490e+01
2.430929207882867900e+02
-4.434956038412299506e+01
-4.781944119237167001e+00
1.432470696965673529e+00
-7.945883184993817849e+00
5.878489970785207674e+01
-5.270236146885447681e+01
-4.718141698866121203e+01
-3.571544147263018831e-01
-4.887128447603319614e+01
-4.742982316821679944e+01
-4.980741407937608756e+01
-4.919721195524272161e+01
-8.079435789350756236e-01
-2.887865174083968922e-01
-4.780579057593388370e+01
-2.483863016734688400e-01
-1.360648650534970860e+00
-4.491822574858293504e-01
-7.579269676869734851e-02
-2.307963938870432052e-01
3.114933816519985577e+00
-2.310445319407013542e+01
-4.787422172060466607e+00
-3.561602996709319346e-01
7.105420926792118053e+01
-2.429979237504325429e+00
-5.411602986797436010e+00
-8.539848001122222199e-01
2.086746467546966688e+00
1.025024403609982500e+02
-2.245853737348706147e+01
-1.174545761698358959e+01
3.620758441465133926e-01
1.144790826913719073e+01
-2.308676858569494783e+00
-3.041474612485669482e+01
-1.766731835199512046e+00
-1.691791597695447891e+01
-4.955418885051741995e+01
-5.139696584799617796e+01
-5.218282359758942057e+00
1.148248032975735189e+00
3.378360101287495532e+00
4.729439876162133238e+00
-2.617050930673452314e+01
-5.054412673470755735e+00
1.066557973282669849e+02
-4.747176406610226707e+01
-1.822685557090657227e+01
-5.078109366071301167e+01
-5.002867766326787802e+01
-6.611836510901377473e+00
-2.609134097275131570e+00
-1.736911800487263013e+00
5.429438464138613973e+00
-5.465197019752998209e+00
-1.759530513639146676e+01
-1.480090160084616135e-01
-6.184543145560345012e-01
-2.153046342521335177e+01
-2.966354064311952143e+00
3.667657704527214690e+01
1.061499345006283335e+02
5.859048309841517010e+01
1.371275176928701001e+02
4.108762394502580406e+01
1.549272135910830457e+02
5.664816438573500790e+01
-2.281840043023168718e+01
-4.994243039948405993e+01
1.308382581141408174e+01
-4.871387868936437116e+01
6.093419686435497340e+01
-9.006643423807765281e-01
4.564823846439949762e+01
7.503418880124914203e+00
-9.833865557556489279e+00
1.031633309485125380e+02
-4.371676423668449019e+01
3.872739043121404734e+01
3.660129632600965266e+01
-4.664476580981344966e+01
1.260529057641836914e+02
-2.625740375889980882e+01
-4.772076935900175698e+01
5.281703449686817464e+01
-5.053397272408236773e+01
-5.410766625766920690e+00
6.021688750162955017e+01
-4.551447644945367443e+01
-1.116970555743952787e+01
6.690082382757393020e+01
-4.833518705534777382e+01
-3.121863961427465473e+00
2.252019626122752527e+00
-3.480642405966002428e+01
5.060177150570815030e+01
6.038495136103303196e+01
-1.907771533432836675e+00
-5.114984293315252728e+01
-4.384341767506041521e+01
3.982556602450116401e+01
-1.335037881131265891e+01
-3.092908029744036469e+01
1.124731370981043739e+02
5.802098868887070893e+01
-4.902018937772637486e+01
-4.822685633841646080e+01
7.363203322217245272e+01
-2.211691282247278423e+01
3.700491779253321312e+01
-7.598345198047283588e+00
-5.143506268722205732e+01
-4.517144213706771438e+01
3.895694944948758831e+01
-3.382667638875648208e+01
-1.885399740893381448e+01
-1.140872778344714966e+01
-2.324025763109830933e+01
5.848474708184779658e+00
6.004083587644807807e+01
1.345061677845860970e+02
8.120053960015808059e+01
7.855537574924466071e+01
1.185837982428243009e+00
3.901985416703393383e+00
-4.844556525102921540e+01
-8.871275730055154796e+00
-4.100274407878855953e+01
3.258555724816286414e+01
-3.378162401034257911e+00
-9.153465506136051477e-01
9.704111562399891966e+01
-9.193668222409746571e-01
-3.232723571303202448e+01
7.383399777586826929e+01
7.044884458797575633e+01
-4.856631037362177494e+01
-4.686430511463220938e+01
7.065786437574772094e+01
1.172032964363968510e+01
1.844392856196138020e+00
8.081438847428043459e+01
1.706747332077689236e+02
1.291010075937635122e+02
9.259286994502758716e+00
5.464529559710789641e+01
1.380136768888006316e+01
6.986682082109621383e+00
6.928269962334593401e+01
-4.566855258550857144e+01
6.164302095720645269e+01
6.179476088060759054e+01
-3.537262951216682438e+01
-7.447336712205350651e+00
-4.121065456110811209e-01
-4.815205853848932804e+01
7.732886719073017900e+01
-4.710273000115532227e+01
-4.951040491823704315e+01
1.199133798424060444e+02
8.915019672899019554e+01
5.262373980180200306e+01
-9.670196407427287255e-01
-4.866367679476419994e+01
-9.198590721451000984e-01
7.160578330938808911e+00
-4.726382009648113325e+01
4.833839006621732182e+01
-1.025491596223520041e+00
-4.944888676059784416e+01
4.559697278521595898e+00
-5.139823444586231460e+01
-6.200612303471319642e+00
-4.846757822103394631e+01
-7.085984921918286439e+00
3.807471958377141164e+01
-4.691654965883854089e+01
5.476854055728368564e+01
7.203913598431096688e+00
-1.972548965792950071e+01
8.700725704836341379e+01
-4.590668459734836659e+01
3.706416428712673650e+01
-2.708624007745568107e+01
-1.380353381079828079e+00
-4.830766396310785638e+01
-5.160868019176967891e+01
-4.286379750128277522e+01
-4.879773410554610535e+01
-4.620645857169060378e+01
8.005747922778753889e+01
-9.993634741269117328e-01
-4.959480629873858248e+01
-3.574904708235361550e+00
6.218110870802281198e+01
1.713804711527966873e+01
-6.133060338394525912e-01
1.945404112836826727e+01
2.332756348628840737e+00
6.852312597123402327e+01
7.483472431108532419e+01
-5.121088829961857414e+01
6.168226148183778790e+00
4.169702300223711688e+01
6.345216383251360526e+01
4.753394949455733709e+00
-1.995822615095366626e+00
8.343211195432431282e+01
-2.847833123207610839e+01
6.365833204475633167e+00
-2.792814785251775689e+01
4.686463730226589064e+01
3.532604004241682816e+01
7.858790353144344465e+01
-1.832756694612907689e+00
6.283281407805334595e+01
4.630504294383591457e+01
-4.996917866381225082e+01
-5.163854376301830484e+01
9.297420641725986457e+01
9.673568429099059784e+00
-5.138626828612346031e+01
-9.874914624238683158e-01
5.736132199546571719e+00
1.238560173672025400e+02
4.088700924152321114e+00
-2.793773706084905228e+01
-5.150496686029243421e+01
1.216574952551680440e+02
1.143691246515776783e+02
6.142449938224141093e+00
-9.275310042188099624e-01
8.151522756678767223e+01
3.320516102329735375e+00
-2.668790103534056968e+01
-9.770193943585990581e+00
8.577178533094171087e+01
4.904936723744897620e+01
7.259078210021111488e+01
-2.578936457629126822e-01
3.166289052609753440e+01
6.935818909997634307e+01
-7.561825234857535438e-01
6.595014414808528791e+00
-4.551626793526022396e+01
-6.886854198803121774e-01
9.056923831824541082e+00
-3.366230958025072795e+01
-4.742260190985999202e+01
9.043229169147124935e+00
8.363809184202064273e+01
6.879329218100997423e+01
3.777496445723553364e+01
-6.410238706185935609e-01
-2.694689456271665051e+01
7.743218074192897404e+01
2.275295996624309112e+02
7.160486942184961379e+01
-1.088263238313492920e+00
1.826756668149780438e+01
3.638595166020984095e+01
-4.825717681977523199e+01
1.349169963620155288e+00
-8.814665752426849465e+00
4.657983543256358416e+01
-2.511064164648058039e+01
-4.889154237082135701e+00
4.448800777661818984e+01
-7.444800611869233364e+00
6.870904021925657901e+01
6.589319492619090113e+01
7.181602797601483701e+01
1.969298762555453663e+00
5.595503839614223152e-01
3.555721796216483455e+01
1.964069793506921258e+02
5.698462714448492505e+01
3.522557663665620620e+00
-4.927849992068770746e+01
6.547843744049804116e+01
-4.672412464326800574e+01
3.415623627871610779e+00
-4.128895001269121678e+01
-3.621361859933994509e+01
5.517332006477947459e+01
-4.711479295803037104e+01
5.425263009212030596e+01
-3.439512090617574458e+00
-5.040385093935598348e+01
-4.634549650247215880e+00
8.904443470552740791e+01
-4.726202786383065302e+01
7.671766303221821204e+01
1.271141615177253881e+00
-4.621208654309047148e+01
1.664488457060749482e+01
-5.145234159275337049e+01
2.027112865025574422e+02
-2.666672614048866130e-01
8.186423318550610873e+01
5.149251561408163980e+01
-1.613679640094910495e+00
-4.799790476008989515e+01
3.764924820608791123e+01
7.003471372972545339e+01
-2.317735199603632523e+01
-4.271712053978079737e+00
3.397726147073301917e+01
3.413461212709670289e-02
6.424273982134624816e+01
4.546645507222775606e+00
6.802551008926477039e+01
-7.351269845641031919e-01
7.647361506814041832e+01
2.614878337908761008e+00
3.980025298558176328e+00
4.000971395654032037e+00
8.494617635679291823e+01
1.450636620836577428e+01
-1.302985432743111627e+00
6.251068123279632260e+01
-5.141371769903801692e+01
2.393820536200148652e+01
-6.774181237828138968e+00
-5.206169394520881610e+01
7.563335090275796091e+00
-7.264972721189589810e-01
3.604941161155277740e+00
1.402182906175105757e+02
-4.864849573527948934e+01
1.337950529345086181e+01
3.483389636039279225e+01
-3.656495990984709721e+01
4.600956520446741393e+01
7.906928491511605728e+01
-1.585119029272283653e+00
1.695020276179897678e+01
6.673595788398476891e+00
-4.647963567816441355e+01
-4.572054379072999097e+01
-4.400507335497429451e-01
-2.468039110944322090e+01
1.025645042876169981e+02
-4.726789746268706693e+01
2.048674504873307001e+01
5.886108001955946634e+01
9.351006746075588794e+00
-3.203584832435949714e+00
6.635597874921074890e+01
3.078944962602503832e+00
-4.825782199935314765e+01
-3.891496282724475719e+01
2.027398991347733936e+00
-5.580561530432608386e+00
-8.951413351811952079e-01
8.485006671855626337e+01
-5.089608011264474641e+01
-2.134369365570250210e+01
1.437352841413243709e+01
7.886323869241759610e+01
5.486591001210071994e+01
3.144184121743356286e+01
-4.985968565832310873e+01
7.142953603363581294e+01
-2.768703957561408427e-02
-1.543955980294036801e+00
8.606192044423488596e+01
-6.179610302356121743e+00
5.744877425583067065e+01
6.617488920725428159e+00
8.859861812827674044e+01
1.232226086805297172e+02
1.272475457188214989e+02
1.239953574898773923e+02
-4.849868425662938165e+01
1.175480164311247364e+02
8.279484971954857997e+01
-5.104515482328279674e+00
3.855395969261486311e+00
-3.894027096301301949e+00
5.194924116466759756e+01
-1.161119188383142742e+01
5.576726550542515071e+01
-1.181299545617333102e+01
9.017788612544853422e+00
-5.048611031345472355e+01
-4.585151688555669836e+01
3.410128369320843689e+01
4.748356625898018990e+01
1.137187825896640163e+02
-3.512500315148233199e+01
4.044316229822439368e+01
-5.213261945059878144e+01
1.355211481620139580e+02
1.249324301921559766e+02
1.180376799959391008e+02
-1.293259999245039316e+00
7.707011026082857263e-01
1.603162138520808071e+02
-1.918636637098383391e+00
1.200240002172798484e+02
-2.524493957764042396e+00
-4.560325909683320411e+00
-4.845680096492008460e+01
-5.116291057254642993e+01
4.936488809240464093e+01
9.590712253732053227e+01
-5.046463534451925881e+01
1.345849813115584270e+00
6.474912694923939682e+01
-4.900793885686693585e+01
-4.023021545694236778e+01
8.136921458312683342e+01
1.186149747145720852e+02
3.613704420185122501e+01
1.113974093075021443e+02
1.126627455733712821e+02
1.605359275460795043e+00
-9.169227324180202032e+00
6.822008903592039530e+01
-4.838211474774648480e+01
-4.381410217995524903e+01
4.806448063750985966e+01
1.222138298044157096e+02
-4.624410409900556118e+01
-5.114566530068751149e+01
7.197806056933963248e+01
-4.826192896087493978e+01
-4.765125675175156772e+01
6.409126699644897940e+01
-3.275295293007052067e+01
8.266990834183410186e+01
-1.577248817331456943e+00
-4.011949645227917927e+01
5.074125487191955841e+01
-4.694012643357599046e+01
-4.109118725157620666e+00
6.472816120455455291e+01
1.605916542776306812e+02
-2.105132999237992131e+00
4.280656030936360423e+01
-4.499514201098748600e+01
6.069186330176387756e+00
-4.911040804599343090e+01
4.451803720072778248e+01
-5.188551215783317616e+01
-9.984428590794847125e+00
1.029097960697693281e+02
9.046574406068019414e+01
1.088443102990932374e+02
7.216731797958478190e+00
7.575391656520135086e+01
1.111567581696014884e+02
8.766201694448746196e+00
-2.157845545528525033e+00
4.635151360302288737e+01
-4.371854042571209931e+01
9.695450559828347536e+01
-2.884224110564435950e+00
-6.361562808115918344e+00
2.944785744513189840e+01
1.329896054218698609e+01
1.604577133236277575e+01
6.473296318098179825e+01
-5.341538341369858500e+00
-5.099954851117981747e+01
-5.521979843962492751e+00
7.159507953564823879e+01
1.190954418347000967e+02
-3.820767352749204804e+01
3.981809036247094724e+01
-5.106241094590701124e+01
1.770581746599670225e+02
-5.160143889212032065e+01
-3.802099739788039390e+00
5.569016925649782479e+01
4.764878003916236793e+01
3.348343587291180423e+00
1.005984121866386261e+01
8.123942612162116461e+01
1.052846250122436373e+02
-2.192186873465412855e+00
1.365298170487585772e+01
-1.642528687272319488e+01
9.408940572206084596e+00
-2.423914340764526720e+00
-4.688860679267977360e+01
-2.578607713832265613e+00
-4.935758602149639529e+01
-3.988025098519435119e+01
9.940406404418470743e+01
7.515836837894113387e+01
5.226428393700830100e+01
7.072562523617740737e+00
5.566510234968917814e+01
-8.101271720260545095e+00
-4.716354008711226697e+01
-1.608998249224443677e+00
-1.011116874079688088e+01
2.213322797841022815e+00
-5.072700550542960940e+01
9.988944309039477787e+01
1.764357134692782481e+01
1.007633492015536660e+02
-5.106388198254231270e+01
-4.534423528991531072e+01
-4.982793668252803343e+01
3.973755193482647030e+01
1.583679352683597870e+02
-1.927906554965630459e+00
1.602833904094045749e+02
6.050154337659287762e+01
-3.151499807334438330e+01
6.684381128618948509e+00
6.687811318000724370e+00
-5.288848492070290952e+00
5.553806408835037445e+01
7.615920253645468563e+01
4.648861266030542283e-01
-1.243515083448923919e+00
2.625668795031511848e+01
-1.395712002486213743e+00
3.549022312909649912e+01
-5.514560200039727578e-01
4.967995895859245792e+01
4.846266018215196425e+01
3.394453829208734508e+00
-4.933692097347670114e+01
-2.745035399292385381e-01
1.491913440785947564e+01
-5.064857356625541485e+01
5.698834915856119210e+01
-4.492993055338104824e+01
1.075184803453540061e+00
3.587003091666055354e+00
-1.320874964196596579e+01
4.439688549967442555e+01
1.840056901356301822e+01
-4.695085165664060156e+01
-5.154024312254313145e+01
3.926849069397711833e+00
3.003186939416472256e+01
-4.832510022492239443e+01
-3.324051189164618503e-01
-2.170182915939687707e+00
2.543228995794112102e+00
-4.771379699090928739e+01
-4.654493521571365733e+01
6.004472708342277798e+01
1.584424047380515965e+01
-7.516930588177241912e-01
-5.021327003564522329e+01
5.653148375394769776e-01
1.146362816684833597e+01
3.490853507665438116e+00
3.830595842422937380e+01
9.809120853948911645e-01
-5.939241896395072162e-01
-3.020053526166599944e+00
-7.497846473709586235e-01
7.788748480831189092e-01
-5.094629603115772287e-01
-7.743870337559559669e-01
-2.235403280923445035e-01
-4.542081645724766048e+01
-4.332228631743823000e-01
-4.743340891524666092e-01
-6.077057375824758134e-01
1.822874299884920779e+00
-6.397615369758863357e-01
-3.155639060133600959e-01
2.372100663465908366e-01
8.986033464525856829e+00
-2.583251727731981640e-01
-1.872941283205831753e-01
-1.639832820000677538e+00
-5.319357911804319800e-02
-7.807476283710447496e-02
-4.890197026141499492e+01
-8.059987996907852503e-01
-9.318314562031907444e-01
-1.581385494258696678e+00
2.933176508126440762e-02
1.598313567144019487e+02
2.832979327321216445e+01
-1.256487432850631025e+00
7.948768176004673558e-01
3.483430433504949519e+01
1.033147729863340558e+01
4.842492187459582986e+00
-1.567562271364713933e+00
-1.747748133983877183e+00
1.261876672842228597e+00
-2.984261639523782872e+00
-9.334622447617475782e-02
-1.326962847358619801e-01
-6.578935346989830957e-02
-1.643846398587299085e+00
-6.301419955170295406e-01
9.519669221811969395e-01
-4.236027168864953296e+01
-4.372796301146055775e-01
-1.978564005019094019e+00
-2.477040605045255361e-01
1.645974145416500889e+00
-1.129951130420280503e+00
-1.023466521294785991e+00
-1.331430507576809141e+00
-4.263052380524046669e-01
-2.165232650733591946e+00
-1.496490963757641568e+00
-1.092797974412152012e-01
2.399003729834616738e+00
1.110210521084007951e+01
-6.433645287153044734e-01
4.821330829133365192e+00
-6.797326281091981004e-01
-1.907720351925773050e+00
1.091331759463571194e+00
1.498829497610577555e+01
-9.798957305376508886e-01
-4.601697710819031784e+01
5.405462317977656639e+00
-9.642660761792157809e-01
2.532421486896768936e+00
1.878176294885774533e+00
1.098892349057455853e+01
1.741885953197698811e+01
9.413167254964822206e+00
-1.705361737964727231e+00
-4.239032433760200336e-01
1.910422214909568872e+00
-2.529683017646037757e-01
-3.431832450686969627e-01
1.227316927939178376e-01
-3.417539712472397739e-01
-4.521468473820019346e-02
-3.496029434196797903e-01
-2.591578262515752962e-01
-1.370754133461985491e+00
-1.514962034559083515e+00
-1.885568650002198643e+00
-1.449284380114701065e+01
1.648826717185206192e+01
-2.263199881662071977e+00
-1.103421523851017438e+00
-2.266614767604968605e-01
5.288610681563409299e-01
-9.033320862818317032e-01
2.431638121214101389e+00
-2.521840300177248650e+01
1.647682292436496709e+01
4.553609467935799415e+01
2.024628765661281804e+01
1.396057457059013807e+01
1.428219247009125858e+01
-1.327435338515258412e+00
-5.028714583067944943e+00
-1.846116014815754047e+00
1.142381310475743916e+01
4.465137806859620362e+00
8.491719770957086411e+00
1.371991706021272250e+01
4.598018342711000628e+00
5.580422384239157374e+00
8.509504778674308323e-01
3.232928876116458383e+01
-7.613311157255677752e-01
4.362621362336226438e-01
-4.915130273984186715e+01
3.462210687543803544e+01
1.179312957992219779e+01
1.809425947993090844e+01
4.959343512957836708e+01
3.447076168782236749e+01
1.523727327186006697e+01
1.737656131853602304e+01
-4.886032647071095880e+01
3.294951029163507172e+01
2.169087399669291205e+00
1.150133986690812549e+02
-4.799380114752813853e+01
1.055727905665104771e+01
6.707153800186240744e+01
6.126583777384670526e+00
2.842647132629421236e+01
3.212178848978288670e+01
1.704591585260727271e+01
8.300397255468897839e+00
3.863087444604659737e+01
1.969114239797491450e+01
2.437323191098755615e+01
1.149919465262665028e+02
1.535382990037305007e+01
-7.783354021910654508e-01
3.306493597053398048e+01
1.075899803562636237e+01
2.157799669191863057e+00
6.466035372803061954e+00
8.357313814790954609e+01
1.600141661158629347e+01
1.208597151745676967e+01
2.174356671394586549e+00
2.119651397261358206e+00
-4.361620016404023081e-01
-6.621038572288729940e-01
-3.141624307594786103e+01
-9.721543049487224586e-01
-4.017519748804736501e+00
-3.369356743910716934e-01
-5.123642817045171682e+01
-8.967723206605560105e-01
-6.710239575592980010e-01
1.769965236294326894e-01
6.028042829166039285e-01
1.868514271379375202e+02
-1.242924406276621374e+00
-2.740827410848839518e-01
-1.000392313415676027e+00
-3.061451310685254223e-01
-1.847125451008520658e+00
3.819865757096085890e+00
-1.225822729017944202e+00
-1.178602089048951029e+00
3.391023966042723270e-01
-3.844202914811089222e+00
1.725558726425116873e+01
1.935165512821450662e+00
-8.381536173751139573e-01
4.506294430498851145e-01
-2.452038437623552447e+00
-8.378612632472138833e-01
6.026263332620290569e+00
3.792937196728706883e+00
-1.500988969198849388e+00
2.613797833953841732e+01
-2.310457809646750404e-01
-2.549037254635703742e-01
1.018389468270113873e+01
-1.315123972007974817e+00
-1.086617745824778769e+00
-9.744729218697435469e-01
-3.779887872401545224e+00
-7.340607109368194605e-01
-6.251113630112831165e-01
-9.619077969105779502e+00
-4.788023360905646797e+01
2.436039514982879695e+01
5.055222541682989901e-01
1.717868341036061111e+02
-2.971066534096358680e+00
-5.164595609491075656e+00
-1.672172282805820975e+00
-1.511740649520159296e+00
-1.830689401294272600e-01
-5.855382757546053751e-01
-3.110992913741367216e-01
-6.603438328090213139e-01
-4.847863421737619660e+01
-1.378104225708909558e+00
-1.590156095491112032e+00
-2.323365635948725583e+00
-1.456410110376438638e+00
6.678326928202409363e+01
-7.095504729871209282e-01
8.954972076296143779e-01
-9.644788907494669661e-02
-4.071208300530564372e+00
2.062343515499397206e+00
-2.603207063892216055e+01
2.887771318972776058e+00
-3.314946610958389162e+00
-4.230513979302973127e+00
8.335592763853954068e+01
6.242880278498225977e+01
1.455955261335399209e+00
5.563146782570213844e+01
5.300545826680393446e+01
9.258112054903207877e+01
-4.731344334058238954e-01
4.885519740985973414e+00
-4.931709313069057465e+00
7.350749940746253763e+00
-8.828125306816493323e-01
-4.274792546819139449e-01
-2.517257217705758388e-01
-1.592118023036910968e+00
-6.721757971753941074e-01
-4.696185805988434936e+01
-4.783051971168316152e-01
3.107507485148254478e+00
1.756002136270841341e+00
-2.803445804564304478e+00
6.780630258978053160e-01
1.173050476630078975e+01
5.930632592013498794e+00
6.478172278984007937e-01
-3.228358697260403920e-01
-1.373970223728548934e-01
1.313184661542600384e+00
-1.369981780784633285e+00
-3.261649370524096203e-01
-1.801940110904091674e-01
-1.004209063672786006e-01
-2.060328439950369628e-01
-3.701107567018194211e-01
-4.702197500781053474e-01
-1.215205991357507509e+00
-1.249392831178229413e+00
-1.078854221176341888e+00
-2.514878688092427872e+00
-4.701333563979908092e+01
-7.783775167691663333e-01
-1.193905879004061976e+00
-7.358123237985219056e-01
-1.578289455139541442e+00
2.035673375183383982e+00
1.007854663705773257e+00
2.811862482917584227e+00
4.412641467546545293e+00
-2.486487237927004212e+00
-8.405738382692757860e-01
-1.368060881087913350e+00
3.622962534771807963e+00
3.380225562946273854e+00
-8.624588045474583797e-01
-8.897162301769943049e-01
-4.848313569766445896e-01
-5.832268920354608532e-01
-1.840041332215520964e-01
-9.605063918456481886e+00
-1.848229076344497512e-01
-9.167685462596980583e-01
-6.907836012808408199e-01
7.885629401616914835e-01
-4.363753716015322248e-01
-1.011085299665828252e+01
-1.107653671421133268e+01
-6.735932452137838311e-01
-3.146556543649925430e-02
-3.655317892748514153e-01
-2.165446913715563665e-02
-2.292999218152594887e-01
-8.220978816679272438e-02
-1.266512476457772207e+00
-2.437670189746301830e+01
-1.045336004999633944e-01
-7.528389489985377603e-01
-4.142554527081848126e-01
-2.811540370021489710e-01
2.299327870017670694e+00
-6.684989585670911283e-02
-8.528842118884713552e-02
-5.437982636130301861e-01
1.515961233332108904e+01
-1.185838031692076378e+01
-3.880181858505678538e-01
-6.645548672873446971e-02
-2.668315668476572000e+01
-9.905440035972116419e+00
3.815636135169083509e+00
9.742641919050331722e+00
-1.159195301108201548e+01
1.745985944481994778e+01
1.803950357057525267e+01
2.202518465019329952e+01
-2.290002038131840889e-01
3.172018031972203289e+01
2.439083147467348667e+01
1.463608372544633829e+00
-1.239973219397019433e+00
3.287523076451357440e+01
4.537501606200237347e+00
-5.854707020934266204e+00
2.312548900209966263e+01
1.203448244235191922e+01
-2.958002301850059013e+01
-1.382574165012105283e+01
-1.278354836301881292e+01
7.472047915809804097e-01
-1.214268520445079957e+01
-6.099664186727452586e-01
-3.243195844172344078e+00
-1.389617862911467050e+01
-1.342930598454452884e+01
-1.823162331609643916e+00
-2.072717531268398616e+01
1.269743700680321830e+01
7.334979452822958379e+00
4.292248991720754248e+00
-1.161323892532293067e+00
2.231751437862342424e+00
-4.695901124762980317e+01
1.092031721339522790e+02
-4.828956297546483367e-01
-1.398457761015385215e+00
-3.614130746922361581e-01
5.043873815149448880e+00
5.272617428476335277e+01
4.145171344789243761e+01
4.828111126836951428e+01
5.891648328806275536e+00
5.434555488579093208e+00
1.914389852936327463e+00
9.462144411417526157e+00
8.655682243156348932e+00
4.735674354314676204e-01
-4.399293052061903353e+01
-1.242684643103285191e+00
-8.267010708710060829e-01
-1.497391284679607804e+00
-4.877358052068336036e+01
6.645542439510487842e-03
-3.105031029034282519e-01
-2.075370142797364537e+00
-4.724110516929986403e+01
8.781469715678388299e-01
-7.494683909587404047e-01
9.315197934771453081e-01
2.126154559175641445e+00
1.125848846865838127e+01
-2.165310935913500323e+00
-9.414058825164166588e-01
8.984160982505532189e+00
2.758332026755046851e+00
-5.065711842766857842e+01
8.351837256131654286e+00
7.494755448219272864e+00
-4.344564677194925895e-01
-1.971013284128576348e+00
-2.147411581775116318e-01
2.698295116483507616e+00
4.938270925549814905e+01
4.746172226564490160e+01
4.546386106052382559e+01
1.156995494656654557e+02
1.448033160099010388e+02
1.090482355250610453e+02
1.367019997977288703e+01
1.425111167433587411e+01
7.488310308622530442e+00
3.845729214627459669e+01
1.039525617765138499e+01
7.670338271091353022e+01
-5.080995932420323413e+01
-1.194380068655629679e-01
1.132141581805122996e+02
1.607553129450238316e+02
2.715341510840436356e+01
6.752774231832383123e+01
4.840045535049659264e+01
5.368952956950723632e+01
1.091041014125458872e+02
7.177391950279618982e+01
4.964719696219928124e+01
1.298111694908713698e+00
2.951217203100923214e+01
5.293380966543799104e+01
1.792162782148404432e+01
1.189447873169360577e+02
7.384140949269313126e+01
6.486790197659831847e+01
4.667888029193154154e+01
1.084363579794158028e+02
2.682743064685469676e+02
2.123784134767430487e+01
1.026933888765074698e+01
-2.683785630127600297e-01
1.765843798070244830e+01
2.461313751369871849e-01
-6.685661600931233073e-01
6.587124305043327865e+01
1.573068097630441198e-01
1.589675599349259585e+02
-5.131328773002367427e+01
6.573132347559754507e+00
2.059646678496612893e+01
3.557350029771495770e+01
3.504534725893946501e+01
3.704088538305056488e+01
-3.755763044649059523e+00
3.143293163138239366e-01
6.082932213872091864e+01
4.401789784124168214e-01
6.163720172510063211e-01
-1.474135386260052583e+00
1.048790689410579944e+02
-2.803683908355746102e+00
1.981774580824896361e+02
-3.142943729196990610e+00
-1.168005634962195227e+00
6.899235990319796485e+01
3.364290623341222641e+01
5.346073692591758686e+01
-4.410824487896123358e+00
-2.444029359550530689e+00
1.270408999462594437e+02
-1.220528489877140244e+00
-1.260510406633539526e+00
2.189799829188842040e+01
-4.299192201301794114e+01
1.865393626179518982e+00
-5.943351065946490541e-01
1.091955582791157148e-01
9.390374742239603334e-01
1.840914804169624830e+01
2.493731137614181392e+01
2.820064143332762896e+01
1.720914884086744312e+00
3.279717742431272143e+01
-5.270497793761354188e+01
7.100809344407747581e+00
-1.882577506220828534e+00
9.428676329780324750e+01
-8.795062857291828351e+00
2.143701470923663877e+01
4.060966801321391206e-01
6.915300748160095168e+01
1.818376317460680847e+00
1.984036010616561896e+01
4.197668204146453519e+01
2.752269008131584371e+01
1.597200022271343123e+01
-5.208513274199437149e+01
-1.170942866955519079e+00
2.829549603512684541e+01
-2.088647603891730853e+01
1.795877752590048715e+01
1.435521865783715256e+01
-1.574260543789277733e+01
5.504659713045120917e+00
3.010929799240933136e+01
1.206098734301201780e+01
1.208204825808271288e+01
8.305866145714055904e+00
3.597632745132678167e+01
3.667080691770356893e+00
5.009782416748439715e+00
6.742851071746470382e+01
8.157563298668961238e+00
9.604776936489082928e+00
-1.097495894343214706e+00
-6.151693465478811351e-01
4.679658857417904549e+00
2.877616662894579846e+01
-2.388277650127168528e-01
3.956324993579638960e+00
7.372735218925537737e+00
4.643243570484727201e+01
3.034917194164080811e+01
-3.109617396592718297e+00
-4.648551909796360349e+01
3.108224177556659740e+01
2.785765224187822131e+00
2.556900516658575384e+01
7.452436540827855005e+00
1.315800458286722474e+01
1.649429926657631640e+01
3.839445856226187281e+00
-4.421925222926702048e+01
6.351295008327490166e+00
6.790834041608360572e+00
2.613254540959427441e+00
1.406610187190477035e+01
-4.505929467100600760e+01
6.799465410927986397e+01
5.471351068693851971e+01
6.746725831096009429e+00
6.404957142770946632e+01
1.695113988954104656e+01
-4.387187526628958167e+00
8.455663701832953905e+00
-4.745604304092058356e+01
9.299205199108445896e+00
1.838524848759711716e+01
-8.291465531132403699e-01
2.401924614849791695e+00
-1.479879921052194902e+01
-1.629241820199690594e+01
-3.331457298130469979e+01
-2.510400142432731485e+01
-3.081953220886304123e+01
-2.130256812073002237e+01
-3.181575324876949651e+01
-2.441010985545631584e+01
-1.406556921783589686e+01
-1.166479273102438086e+01
-1.237106154769605304e+01
-1.354748834937295854e+01
-1.348095094979172437e+01
-2.885530527676757373e+01
-2.279752618104410544e+01
-2.720610081593953566e+01
-2.892802059877500298e+01
-4.636127892712853082e+01
-5.020090885774809664e+01
-1.216829896629047614e+00
6.371451961763564320e+00
2.345217372345852169e+01
-4.291762740276528376e+01
4.563420273527345472e+01
-4.800040592751944502e+01
3.967594620999722821e+00
-4.816032521780661568e+01
-4.502296058518803790e+01
-3.868044165323857442e+01
-2.890476984742407396e+01
-1.039859945004462460e+01
-2.396862236002512248e+01
-1.748998683114682606e+01
-2.372230632999714572e+01
-2.409976728130008539e+01
-1.126003106514684582e+01
-4.945674811112298386e+01
-4.874701198553674431e+01
-5.180449383009474928e+01
5.373967759900582308e+01
4.591074037961254817e+01
5.042835785713671726e+01
-1.813857017959855433e+00
5.533399592889362140e+01
4.815649102103285450e+00
-2.458257183270773361e+00
-1.058583042604708480e+00
1.712260399756785390e+01
-2.169799295776698944e+00
-1.359367683782923919e+01
-1.939863004075303365e+01
-1.652296607689176611e+01
-2.624326506272034720e+01
-2.524751443410462670e+01
-1.393559390253073005e+01
-1.485300867820549975e+01
-2.442675333176920915e+01
-3.065301413450886514e+01
-2.888987808929367418e+01
-3.108426441371817006e+01
-1.223307361934785575e+01
-2.743155943925160400e+01
-9.048434507241715608e+00
-9.843961861549837877e+00
-2.869134565033473194e+01
-1.073191019392572620e+01
-1.205044438883027524e+01
-1.328581911585479425e+01
-2.394642315809628741e+01
-1.367498036525982030e+01
-1.540402153370112970e+01
-2.098364660176549990e+01
-3.026094445018869195e+01
-2.038339229138315645e+01
-1.893221934734098966e+01
-1.188111228227429450e+01
-1.458976394415233813e+01
-2.533454779042325100e+01
-2.195673340887188374e+01
-1.143843663767657581e+01
-2.729904155275023570e+01
-2.377049227578515556e+01
-2.229763281496200023e+01
-2.660572954311152216e+01
-5.043790979275578934e+01
-4.395615082954683572e+01
6.269289459481218074e+00
-4.747112176484002077e+01
1.426386406041658672e+00
-1.192764371631331727e-01
-1.278910013549029001e+00
-1.085910787864879934e+00
3.625593207610477009e+01
4.512162129360096863e+00
1.802786177330785478e+01
3.701834796691171192e+01
1.591245556783011850e+01
1.238181699826240134e+01
-1.054012536656967654e-02
-4.746664543119130286e+01
-4.702628770445493700e+01
6.232114647831930476e+00
1.550494764789614166e+01
1.219685616279689278e+01
4.155524493255843055e+00
-4.797031640057716118e+01
1.761406646455559510e+01
8.880082464152552646e+00
2.281498230966247220e+01
-4.813682012296114010e+01
6.606895921332957755e+01
-2.452841428012250802e+00
-4.794215153114288341e+01
1.264139912316449532e+01
2.569977229390516982e+00
-4.833484882358846590e+01
-3.721360375060682912e+01
-1.098074185428040117e+01
-1.933287610401568202e+01
-1.934871832257600133e+01
-1.424407867915342152e+01
-9.728789855031562794e+00
-1.133802681928315437e+01
-3.074026094317315128e+01
-9.116001837435815602e+00
-2.652068117262940206e+01
-2.212142453322447366e+01
-2.655468624137577649e+01
-1.890644443986940360e+01
-1.297360083285536625e+01
-1.153064602844184350e+01
-2.425183085054350585e+01
-2.338395989647583306e+01
-2.386232672614938011e+01
-9.315731914803871305e+00
-1.948241560524592231e+01
-2.101459663625942298e+01
-2.018269096957882525e+01
-1.279261835307482009e+01
-7.862908679001961332e+00
-2.139146512191949512e+01
-1.555755897602435667e+01
-1.177107380336503262e+01
-2.164208234383664120e+01
-1.354293294882347887e+01
-2.368570313788491433e+01
-1.068230960938550567e+01
-1.166751631622712715e+01
-2.095689065085467462e+01
-1.455671940558045030e+01
-3.238185292085874067e+01
-3.244142814368066752e+01
-2.923382329916853095e+00
9.173289476800526643e+00
3.150563082536811610e+00
7.665109876277014678e+00
