-4.957238960065434696e+01
-4.845397988460693028e+01
-4.871400535640973573e+01
-4.842835752282472583e+01
-4.827341203938546954e+01
-4.804093738258578128e+01
-4.854000652491333057e+01
-4.798669398089548821e+01
-4.769116749461052507e+01
-4.765234296688485216e+01
-4.798163198649755401e+01
-4.941600022775445922e+01
-4.814509119059358255e+01
-4.881071198312405102e+01
-4.852148309720545427e+01
-4.749914043467261848e+01
-4.678275921459811570e+01
-4.891429932953677451e+01
-4.786884091699118926e+01
-4.819355487037459085e+01
-4.846882379246553540e+01
-4.895059192975786289e+01
-4.868236308699117387e+01
-4.777664002778417540e+01
-4.823987702569082359e+01
-4.835482025814640394e+01
-4.725412492916459684e+01
-4.713673862033838446e+01
-4.777722052646563355e+01
-4.728586115776428755e+01
-4.857367380150384406e+01
-4.884156928795553654e+01
-4.881687448661944018e+01
-4.765674310693871263e+01
-4.777453431727420963e+01
-4.743347064487399223e+01
-4.762068121272836407e+01
-4.913615593789680247e+01
-4.929311567582867326e+01
-4.793421563245397010e+01
-4.782235743731995825e+01
-4.843267824143796929e+01
-4.790820108022831647e+01
-4.699294839388548439e+01
-4.867320170358756570e+01
-4.836487042314657714e+01
-4.884046102239415177e+01
-4.897998281256791842e+01
-4.880668628379164886e+01
-4.713168258199269189e+01
-4.886204513156972240e+01
-4.764825632349522522e+01
-4.862628441199144902e+01
-4.811186971202309337e+01
-4.853740204829460225e+01
-4.808889060137273930e+01
-4.934434210354824302e+01
-4.771670904111471145e+01
-4.745013795032003401e+01
-4.769409170269923237e+01
-4.899088434607153886e+01
-4.942047123855992652e+01
-4.950320137594289349e+01
-4.838453137082130695e+01
-4.747411047215774715e+01
-4.836861834268992055e+01
-4.759750124093011436e+01
-4.826901242337358866e+01
-4.876580790291318834e+01
-4.809199445984495469e+01
-4.969670305258612331e+01
-4.822565772814600393e+01
-4.790878817479724461e+01
-4.885406890550622450e+01
-4.776526104967956599e+01
-4.867773176383090572e+01
-4.662902198599426384e+01
-4.750527686414641693e+01
-4.857367132830314205e+01
-4.821440354655893401e+01
-4.874200098653339097e+01
-4.742579197423160764e+01
-4.777174689350566439e+01
-4.827449949111350946e+01
-4.794844557441555821e+01
-4.780858237233973540e+01
-4.883008634674240511e+01
-4.811442476971072324e+01
-4.739301138011526149e+01
-4.884095465938392522e+01
-4.791322785976867493e+01
-4.821847597027137056e+01
-4.852912162417482023e+01
-4.561797779595017488e+01
-4.771393478029830248e+01
-4.804450042368186047e+01
-4.854567905618699797e+01
-4.801840786736870115e+01
-4.887313145932720460e+01
-4.783453891241486389e+01
-4.880125873292633543e+01
-4.703845928356479789e+01
-4.743867918253479132e+01
-4.823745634592397380e+01
-4.682439462722948065e+01
-4.802870999032148802e+01
-4.907040447146308537e+01
-4.739111708501310716e+01
-4.791580453702522391e+01
-4.743986952375378507e+01
-4.935164207556412919e+01
-4.870362663676245063e+01
-4.938989686779208910e+01
-4.835792431849774431e+01
-4.782097587198946087e+01
-4.812404735307396209e+01
-5.014398901699350120e+01
-4.779088007773115976e+01
-4.801257083296260220e+01
-4.751611394841588520e+01
-4.832880858280454817e+01
-4.651661344841594570e+01
-4.761328474105378916e+01
-4.943778621190427458e+01
-4.723487835582346150e+01
-4.785182170509729360e+01
-4.824820590432514678e+01
-4.872083835387551431e+01
-4.810131838534397275e+01
-4.788376481211459179e+01
-4.781415184869293000e+01
-4.881528448907167217e+01
-4.815485856989730706e+01
-4.900475434963485810e+01
-4.774331854546856135e+01
-4.844018965684482225e+01
-4.850816210710344478e+01
-4.876958585178162053e+01
-4.810198656145127671e+01
-4.831856697011751578e+01
-4.787727685638790831e+01
-4.765813108432634948e+01
-4.761567490073526443e+01
-4.763799843439255710e+01
-4.960329500009550685e+01
-4.804638023306892336e+01
-4.829822416996928780e+01
-4.809280404659988051e+01
-5.046601600212613903e+01
-4.921078077351941715e+01
-4.850480380672419045e+01
-4.854449455848998696e+01
-4.939346989125512977e+01
-4.796163999044405557e+01
-4.894119050443475061e+01
-4.939247024582248713e+01
-4.708184093115704627e+01
-4.743467163729120273e+01
-4.741485456599476578e+01
-4.797039190505131501e+01
-4.827475828427704840e+01
-4.785335789273639762e+01
-4.875139273673190132e+01
-4.597795763198667629e+01
-4.695695977185499004e+01
-4.826189088568954588e+01
-4.794725424510428979e+01
-4.806254164657844541e+01
-4.873695633246887837e+01
-4.838217338952273394e+01
-4.812806325987892819e+01
-4.735217263917671460e+01
-4.888224211920848461e+01
-4.909796770984225844e+01
-4.746349873090984062e+01
-4.913517661108176782e+01
-4.719147280976088865e+01
-4.812619795154795099e+01
-4.891218021322680443e+01
-4.838436839300155867e+01
-4.880866885127305466e+01
-4.885387178144353726e+01
-4.836086910498254809e+01
-4.764062975940057498e+01
-4.804712661774821214e+01
-4.830832487938263142e+01
-4.802885739882157168e+01
-4.849185194582723568e+01
-4.810373463211200118e+01
-4.703368683517815185e+01
-4.892790482804893060e+01
-4.822248003612250500e+01
-4.822226504517837498e+01
-4.675693927690176110e+01
-4.888838806855398644e+01
-4.856303773369990751e+01
-4.964109391177755271e+01
-4.737387150931720470e+01
-4.837459299344213548e+01
-4.797094462058922915e+01
-4.763210076682012328e+01
-4.801039513349173404e+01
-4.756618984903710157e+01
-4.858347664553219403e+01
-4.834927518731368679e+01
-4.794018290456038756e+01
-4.811005490866772760e+01
-4.850286751201426227e+01
-4.828256146621000511e+01
-4.883354832582113403e+01
-4.825881694660414922e+01
-4.696009083700318598e+01
-4.720691340146398574e+01
-4.831498379728778048e+01
-4.841724125957978231e+01
-4.791958449848059587e+01
-4.799034276000194410e+01
-4.852169356433158498e+01
-4.760018594392788316e+01
-4.900034810469314550e+01
-4.740791852308043985e+01
-4.895335281626780244e+01
-4.928047654439485825e+01
-4.796715154895528599e+01
-4.768472192263732268e+01
-4.837578371331235871e+01
-4.786161437712144107e+01
-4.828280933744728998e+01
-4.902873093879692590e+01
-4.918209270811086498e+01
-4.758404999223306930e+01
-4.800694997290714383e+01
-4.830810622080380767e+01
-4.894667300457751224e+01
-4.776387830679296798e+01
-4.805218822002700563e+01
-4.884921513600375675e+01
-4.815734389882474886e+01
-4.836714789790282509e+01
-4.632017651413930537e+01
-4.801764385351929576e+01
-4.760504606827781515e+01
-4.884271388787600898e+01
-4.777331290015191456e+01
-4.769874268160582176e+01
-4.993335346768316185e+01
-4.789601751720093858e+01
-4.793284478232786938e+01
-4.860110538687104764e+01
-4.640399035081941292e+01
-4.814941034016130317e+01
-4.796817937882538274e+01
-4.883665893663123114e+01
-4.757224355863062470e+01
-4.979709101202788446e+01
-4.835762581699825802e+01
-4.799220116953637216e+01
-4.809493614190157018e+01
-4.779773950722736231e+01
-4.810114330701835428e+01
-4.814731787529603935e+01
-4.868131045089131703e+01
-4.963469731867882473e+01
-4.876207202884209835e+01
-4.890324907793048226e+01
-4.841955670231792652e+01
-4.858838610873552000e+01
-4.825835172002737039e+01
-4.859536171961629236e+01
-4.995459866552649686e+01
-4.884746511668208768e+01
-4.791862309026916478e+01
-4.922114240997298396e+01
-4.939181477948473287e+01
-4.864108771752676574e+01
-4.883187576914994565e+01
-4.800100039557476350e+01
-4.816486266305582120e+01
-4.828941374968606226e+01
-4.883646365772562348e+01
-4.846194387280026916e+01
-4.759750751643775146e+01
-4.777688405019500095e+01
-4.779571277017699060e+01
-4.870061747411295983e+01
-4.731517663985473376e+01
-4.885753119856350679e+01
-4.872940386698643067e+01
-4.666461400896159972e+01
-4.654910589031339185e+01
-4.764237945167243993e+01
-4.763634686277683983e+01
-4.796571124916568607e+01
-4.855918064020556102e+01
-4.680850975246414691e+01
-4.878248263764690051e+01
-4.879217318401182268e+01
-4.923318942249855468e+01
-4.767230940851026588e+01
-4.595340331538611167e+01
-4.773147363165827528e+01
-4.751771961370435093e+01
-4.813082944562289356e+01
-4.554690159044154285e+01
-4.737927015625295013e+01
-4.853929606585383283e+01
-4.899007623874779682e+01
-4.867547238024194201e+01
-4.916859472936579323e+01
-4.660661281269840117e+01
-4.594972588145791548e+01
-4.657234542753174367e+01
-4.839597912833035309e+01
-4.927176036639598067e+01
-4.874795293095550619e+01
-4.795030637408947172e+01
-4.775118376367524320e+01
-4.839321166236065608e+01
-4.810266537031994716e+01
-4.816405992777941947e+01
-4.825715998980359700e+01
-4.873965364950796442e+01
-4.823415197601778459e+01
-4.923216926092266732e+01
-4.782003557905632363e+01
-4.758166215317439196e+01
-4.656840923285967193e+01
-4.924049686720412922e+01
-4.775921828935872782e+01
-4.733660349363386644e+01
-4.849230171510588150e+01
-4.844940156506491036e+01
-4.838950615683001644e+01
-4.627013161952385190e+01
-4.862605041967718478e+01
-4.866646861212087316e+01
-4.754822643323668530e+01
-4.749496453632405490e+01
-4.797586022012487916e+01
-4.852127715296166599e+01
-4.788393776159041693e+01
-4.961673897204180150e+01
-4.819914042675291199e+01
-4.783232873203944990e+01
-4.775040153204091808e+01
-4.790712038077808188e+01
-4.788025649974881048e+01
-4.843224372226065810e+01
-4.818157518001318351e+01
-4.845945979547541782e+01
-4.773981717409054681e+01
-4.824577547157727508e+01
-4.939744737573226274e+01
-4.605273222608879991e+01
-4.806300457429443185e+01
-4.588844273805072760e+01
-4.873824934114404073e+01
-4.786792539356985543e+01
-4.453209247765954615e+01
-4.792307216832247718e+01
-4.788672249439233042e+01
-4.771389200699622535e+01
-4.631514124418226430e+01
-4.708761500178964354e+01
-4.828112966395703864e+01
-4.706117772294681600e+01
-4.866194976911297232e+01
-4.800517004670503241e+01
-4.630461521998090291e+01
-4.664803054922438008e+01
-4.920217056417043011e+01
-4.828240386953767427e+01
-4.776637077671277609e+01
-4.716844519952669401e+01
-4.756420250176697806e+01
-4.892075796876604699e+01
-4.755293033893837418e+01
-4.706221061870312639e+01
-4.921444486427190412e+01
-4.760211019292525236e+01
-4.791088384081471929e+01
-4.733314284060143962e+01
-4.686410291440516573e+01
-4.758251104586028646e+01
-4.812840692523710118e+01
-4.855566954665937374e+01
-4.927409076727655446e+01
-4.709726357937042707e+01
-4.686016946932762295e+01
-4.975574740900490411e+01
-4.876259311816485109e+01
-4.848059129561700331e+01
-4.912544171763098433e+01
-4.573159754339206273e+01
-4.713560252649358517e+01
-4.853837778449965867e+01
-4.833253859784313988e+01
-4.801620961542451482e+01
-4.752989556906343438e+01
-4.575992368370408059e+01
-4.840387603475123512e+01
-4.908734631008274363e+01
-4.841641829281665110e+01
-4.824207712586544972e+01
-4.792217143557935088e+01
-4.877218883971835339e+01
-4.680491825518756599e+01
-4.637678756499474986e+01
-4.741696212973351265e+01
-4.887234993185580123e+01
-4.721291703962550912e+01
-5.021709268709370377e+01
-5.053643056285193325e+01
-4.575230058779214204e+01
-4.746375842050267835e+01
-4.860272754440089216e+01
-4.726642214238581374e+01
-4.744563088784255456e+01
-4.818061456970391987e+01
-4.815397436073641302e+01
-4.796265332615349308e+01
-4.851626335668262158e+01
-4.843856060197548885e+01
-4.844855251114747574e+01
-4.866245978978530218e+01
-4.759743552272867362e+01
-4.925524135661442671e+01
-4.987718239333574388e+01
-4.793194983656704267e+01
-4.728767548624229988e+01
-4.833072079512735542e+01
-4.894359902621641822e+01
-4.778470168591959322e+01
-4.816474583048260172e+01
-4.725087494846107461e+01
-4.499393643111501717e+01
-4.864106401378890610e+01
-4.904676466407993729e+01
-4.871631674882891616e+01
-4.815908743763908006e+01
-4.863464776180947524e+01
-4.919388082563127540e+01
-4.877903889293061468e+01
-4.730430878011592455e+01
-4.868041083070349373e+01
-4.982727144998892754e+01
-4.780877415240272654e+01
-4.844772536600795121e+01
-4.831982890237742367e+01
-4.767026079618909762e+01
-4.732740231812404375e+01
-4.815298426512396190e+01
-4.687798796519169997e+01
-4.785393543176891740e+01
-4.847237476253842914e+01
-4.766133884281311595e+01
-4.791853319520068766e+01
-4.924206579895401603e+01
-4.799655618987865324e+01
-4.739158172609530340e+01
-4.706713760419982151e+01
-4.840774613070532695e+01
-4.791776407252898906e+01
-4.998070374461835996e+01
-4.839169764250062400e+01
-4.906034177266935359e+01
-4.771480615800753355e+01
-4.873759173333836969e+01
-4.964968780347791011e+01
-4.869879871232754454e+01
-4.891807622429040947e+01
-4.771306592385116119e+01
-4.780890514656319112e+01
-4.831210842717772636e+01
-4.694487047882589792e+01
-4.758802263808584598e+01
-4.850453447185837774e+01
-4.792605373181368833e+01
-4.813862358236806926e+01
-4.919817109555859247e+01
-4.844097874160353712e+01
-4.884571770725806772e+01
-4.765861737970378442e+01
-4.910777141303579896e+01
-4.841484873417714851e+01
-4.842164622122466255e+01
-4.897378989949238104e+01
-4.980562990033256199e+01
-4.729367066640994466e+01
-4.761472049754399904e+01
-4.731946865870706631e+01
-4.775650701889431815e+01
-4.894422122757017490e+01
-4.927207621535143289e+01
-4.579713029278047287e+01
-4.482554874970757197e+01
-4.726319398970053243e+01
-4.640430379190024013e+01
-4.781474525156546918e+01
-4.911437530279912522e+01
-4.745045266477490742e+01
-4.728165066098902258e+01
-4.809649268324255189e+01
-4.762525014847895477e+01
-4.786259128714164035e+01
-4.998465319480090585e+01
-4.730106492055120526e+01
-4.705878125569188342e+01
-4.819317905355497089e+01
-4.654219436228563467e+01
-4.967757577563338600e+01
-4.812923869840312108e+01
-4.689575296745462651e+01
-4.904926515038948054e+01
-4.850008292611247640e+01
-4.844304614990669933e+01
-4.888272740471904143e+01
-4.861699548700628526e+01
-4.672218277791805718e+01
-4.688276903758783476e+01
-4.855569358622413745e+01
-4.874217584876291909e+01
-4.830455684627968083e+01
-4.894208139307967542e+01
-4.838437830164657782e+01
-5.011591906695454668e+01
-4.750633285652367022e+01
-4.827922564401124816e+01
-4.956907631158977523e+01
-4.935419419267586960e+01
-4.840154012403955619e+01
-4.677642928373730058e+01
-4.877495138897684512e+01
-4.843304013637003180e+01
-4.835865603189557049e+01
-4.478032331849191650e+01
-4.863059865154762917e+01
-4.844451978885774679e+01
-4.824413630949509013e+01
-4.868535081784823149e+01
-4.871982805712882936e+01
-4.716424915464460099e+01
-4.917247115878473807e+01
-4.688392221195905307e+01
-4.723827212676689413e+01
-4.801614237955378428e+01
-4.816139898490988713e+01
-4.914751880194416600e+01
-4.949685601651641775e+01
-4.810157305688116480e+01
-4.778953777980129303e+01
-4.770479955016036655e+01
-4.672500287983552170e+01
-4.713522511026637574e+01
-4.582295101153601280e+01
-4.787101179835412523e+01
-4.692006867546128746e+01
-4.939797669419372284e+01
-4.818657433493349629e+01
-4.792131172377644788e+01
-4.901824380580804075e+01
-4.886172772652154350e+01
-4.612164751554365694e+01
-4.742235992759260910e+01
-4.687347253613056353e+01
-4.891957350846431041e+01
-4.893456090741033648e+01
-4.883975515837204284e+01
-4.942895975187536806e+01
-4.834542568195811185e+01
-4.902957302234341341e+01
-4.873925535994132474e+01
-4.883904950909155218e+01
-4.745240926593123731e+01
-4.916273432818886135e+01
-4.688266561533637145e+01
-4.691687662468380182e+01
-4.791151859449175276e+01
-4.759520386874343245e+01
-4.539398872814838626e+01
-4.905651537872005008e+01
-4.620625910108846313e+01
-4.954298706154114029e+01
-4.798157047077830129e+01
-4.621993354640811447e+01
-4.836368140352467293e+01
-4.577100292866479236e+01
-4.853363307541350480e+01
-4.829737782859632489e+01
-4.843791129413874330e+01
-4.815775740630414958e+01
-4.582720690956492859e+01
-4.789173315538947406e+01
-5.002552168380716324e+01
-4.868342158940977527e+01
-4.812361062897714703e+01
-4.970457245610385399e+01
-4.920736315508085568e+01
-4.864207916517251817e+01
-4.827912482918726056e+01
-4.829305429737116384e+01
-4.636797878271094220e+01
-4.842317558106106645e+01
-4.860683778395739552e+01
-4.730221090016732433e+01
-4.836002362444038738e+01
-4.799768049599321529e+01
-4.901879475655049134e+01
-4.729891191233368630e+01
-4.747726011277217140e+01
-4.749160744783347354e+01
-4.650960380748202994e+01
-4.868749166281787666e+01
-4.707279887546334862e+01
-4.886571554922935690e+01
-5.023863282181658718e+01
-4.887017761283455286e+01
-4.780979094154348275e+01
-4.857260395259356045e+01
-4.963835723128957511e+01
-4.750970559645757163e+01
-4.805003353186517501e+01
-4.774778137524240407e+01
-4.939148648472930603e+01
-4.986807118467525868e+01
-4.894048906153960132e+01
-4.782492562609246534e+01
-4.865413680553905351e+01
-4.792415963176982530e+01
-4.721560809080333598e+01
-4.855350031245217224e+01
-4.682424349736479030e+01
-4.724544953829147431e+01
-4.858173721223283081e+01
-4.864751868847146454e+01
-4.894866923989799545e+01
-4.851906074775371991e+01
-4.518770313018741547e+01
-4.806293893608791024e+01
-4.649128808222732090e+01
-4.755939990360688086e+01
-4.924334040568044202e+01
-4.754860474046772367e+01
-4.618129679669513621e+01
-4.933272778794109570e+01
-4.709895854950705996e+01
-4.797674680154933213e+01
-4.980933222828859641e+01
-4.912060342093597143e+01
-4.783774003292771226e+01
-4.876458992131637160e+01
-4.567862821399624096e+01
-4.918375292516027741e+01
-4.745157592403203495e+01
-4.967322670404501395e+01
-4.871355006564735390e+01
-4.861585773277894873e+01
-4.862808732728043282e+01
-4.853350565507957270e+01
-4.849650473875985313e+01
-4.683798762407568006e+01
-4.916618555445293026e+01
-4.887793856138436865e+01
-4.704592030255832213e+01
-5.002617299278314533e+01
-4.717559544333246180e+01
-4.856807064902377391e+01
-4.676876433832825342e+01
-4.830952868032684222e+01
-4.770240287039860760e+01
-4.880003810222380878e+01
-4.961808677438288839e+01
-4.833141078626756126e+01
-4.703107648390356843e+01
-4.842719673346449127e+01
-4.876423495204462455e+01
-4.831989005015014982e+01
-4.872907811959426283e+01
-4.784277873096363720e+01
-4.830336568375616935e+01
-4.672976637180370574e+01
-4.832557147671774089e+01
-4.807013227147392342e+01
-4.894255435607598059e+01
-4.852626900906959406e+01
-4.786795922629988809e+01
-4.797090666742347054e+01
-4.896889689315649008e+01
-4.821983480331587657e+01
-4.426098862005947865e+01
-4.678229328343378768e+01
-4.882325926917847170e+01
-4.829801222560809748e+01
-4.554042327935322731e+01
-4.842501930577627434e+01
-4.838943255422027789e+01
-4.902177652032487742e+01
-4.834787491772470247e+01
-4.828495097444596240e+01
-4.022116088697752900e+01
-4.866003302329774272e+01
-4.756321943081381676e+01
-4.868201990416412173e+01
-4.839216694967192467e+01
-4.802952085932579251e+01
-4.841665453940240837e+01
-4.835030963494097023e+01
-4.882485083726467678e+01
-4.877314175072528712e+01
-4.747685264088395485e+01
-4.814694802344584446e+01
-4.870308655962528377e+01
-4.836367333824502879e+01
-4.895963305871536875e+01
-4.817581279521368032e+01
-4.919765769335512573e+01
-4.869894933378499502e+01
-4.709573270746685125e+01
-4.901600636252066323e+01
-4.836516277393334917e+01
-4.708038475678690560e+01
-4.879980012411212442e+01
-4.885700388133718519e+01
-4.941195393667575075e+01
-4.411984146269288232e+01
-4.904619587213333887e+01
-4.615893001529622097e+01
-4.790991030598379297e+01
-4.888608688179704131e+01
-4.993607817074208555e+01
-4.823588557224955053e+01
-4.994958093215581130e+01
-4.815757878734501674e+01
-4.718984966431385430e+01
-4.802557928900388617e+01
-4.923681453424430288e+01
-4.874873869980611829e+01
-4.792547077175361636e+01
-4.597040879743158115e+01
-4.881561569748313900e+01
-4.623188195865842687e+01
-4.796845792679986431e+01
-4.949911289366627187e+01
-4.667379983707930080e+01
-4.786403586399008958e+01
-4.556099044740798831e+01
-4.803326234290133812e+01
-4.768373489516511654e+01
-4.606579134223628103e+01
-4.457145126238832233e+01
-4.829046248294272203e+01
-4.845755988308164319e+01
-4.910961590167502067e+01
-4.948024694526225176e+01
-4.976527916604526780e+01
-4.823169200029206394e+01
-4.783071782789642157e+01
-4.781756757536113156e+01
-4.785302507940414074e+01
-4.609720961613684409e+01
-4.066380559265910222e+01
-4.884499147394939200e+01
-4.720818014820793707e+01
-4.783363978748005252e+01
-4.877664431705429848e+01
-4.750820581042916046e+01
-4.739456146813824233e+01
-4.817782643947510479e+01
-4.733640109022942966e+01
-4.583642314144827168e+01
-4.796692109575354834e+01
-4.937130899193140721e+01
-4.982209549805327242e+01
-4.486551447920226110e+01
-4.831752275622165627e+01
-4.917648856076449704e+01
-4.877580610196702793e+01
-4.836669718602693990e+01
-4.837125346739686194e+01
-4.869094070677112995e+01
-4.635233461596047277e+01
-4.814582583078401257e+01
-4.684658532928477115e+01
-4.893792803758783805e+01
-4.856916067392106129e+01
-4.732709159224875606e+01
-4.936114708295386322e+01
-5.031989317162870634e+01
-4.639628444612230140e+01
-4.740535434273803617e+01
-4.845518659966101893e+01
-4.797882407271358574e+01
-4.778777034214434138e+01
-4.676749112938242803e+01
-4.753829818206359903e+01
-4.928632835556891223e+01
-4.915530472606157986e+01
-4.903019161707359785e+01
-4.869100240240290844e+01
-4.717533904796973587e+01
-4.911110792423949079e+01
-4.773422002243408002e+01
-4.799424898773855830e+01
-4.855890017321384988e+01
-4.925929472544616061e+01
-4.839067008746584264e+01
-5.025565443894990381e+01
-4.868120804691257320e+01
-4.770725299682463572e+01
-4.977862743972305282e+01
-4.631826104153825696e+01
-4.904013436983865404e+01
-4.827590714973273833e+01
-4.868490989640310573e+01
-4.907910042633471903e+01
-4.755825659103292935e+01
-4.878807539628164847e+01
-4.818890901798668835e+01
-4.869919434878828213e+01
-4.855915542137955754e+01
-4.833978039153075201e+01
-4.424350276611650656e+01
-4.907580944569478021e+01
-4.873788498507321520e+01
-4.895493789677452412e+01
-4.833291938777342267e+01
-4.840515005400109771e+01
-4.785453049311465179e+01
-4.897844031464954639e+01
5.791051452989014479e+02
-3.194530593090118842e+01
-2.900423715205947417e+01
-1.376912196253661591e+01
3.068894203681912245e+02
1.803294313919681144e+03
2.407652695938400029e+03
2.773437411181016614e+03
3.288743648763468173e+03
3.023612521772557557e+03
3.187667663359521612e+03
3.111162983977816111e+03
3.193915891651662150e+03
2.811248024524093125e+03
2.666915437679035676e+03
2.559189287393539871e+03
2.642168158288238828e+03
2.148545844892953482e+03
2.703688157020247218e+03
2.877307959606272561e+03
2.730076917549525660e+03
2.615401471911293811e+03
2.819062638546722155e+03
2.609530478813862828e+03
2.799715071900479415e+03
2.733558055032926859e+03
3.119837365172246791e+03
3.131145401953756391e+03
3.128407430141165605e+03
3.018449153797305826e+03
3.162379943600761635e+03
3.340191619429961065e+03
3.088834681471977092e+03
3.068556584990748433e+03
3.248415349784600039e+03
3.387718736980491485e+03
2.994658332192884700e+03
3.253013632690530812e+03
2.806547220241202467e+03
2.915123245399208372e+03
2.901211245081034576e+03
2.777799719371055744e+03
2.802467505746098595e+03
2.689454483493698717e+03
2.804657230714425168e+03
2.928111995911657232e+03
2.577937790483413210e+03
2.808480070565917686e+03
2.780514611070069805e+03
2.549889374411564404e+03
2.211958336291521846e+03
2.452267485891367414e+03
2.527283726424652286e+03
2.266095880966619006e+03
2.418447536399433830e+03
2.812145753056363446e+03
2.549205622352568298e+03
2.603241722980625582e+03
2.409640638380303699e+03
2.530119337091352918e+03
2.578252063045436898e+03
2.756372423554065335e+03
2.880977374894380318e+03
3.176025147003318580e+03
3.028157688012937797e+03
3.064845878414892013e+03
3.106492811303688541e+03
2.992940214489523896e+03
2.835774229217988704e+03
3.058246521363550528e+03
3.556609116706313671e+03
3.390181795402571424e+03
3.066255480903108946e+03
3.505134254573231829e+03
3.190703740646409187e+03
3.548719761288851714e+03
3.329790050257112853e+03
3.040718552407032348e+03
2.417940054081147537e+03
2.666042750390541187e+03
2.892738505134144816e+03
2.914996904989272025e+03
3.064548636315955719e+03
3.103424485102892504e+03
3.270630907910979658e+03
3.150876072141384611e+03
3.376434921349082742e+03
3.114336910410264409e+03
3.230175928216899592e+03
3.226196817851026026e+03
3.148656766622697887e+03
3.075702425084396054e+03
2.624029120503442300e+03
3.071842841814580424e+03
2.995917186301722722e+03
3.047822919927292787e+03
2.651400049779458641e+03
2.472089669130009497e+03
2.882518414192019918e+03
2.818808176146168535e+03
3.257868738915342419e+03
2.702743789089141501e+03
3.127893971017272179e+03
3.098612563869154201e+03
3.323290314500811292e+03
3.335459837808129578e+03
3.288977499985982377e+03
3.059317566271713986e+03
3.103954838584497338e+03
2.988033901894516930e+03
3.034209524397436780e+03
3.114958064798646319e+03
3.311702519117868633e+03
3.087962707677319486e+03
3.093803645291131033e+03
3.337502133162686732e+03
3.225091843826196055e+03
3.170027981984694634e+03
3.026683994513759444e+03
3.031095081899255092e+03
3.384110760290051985e+03
3.241194404316483087e+03
3.192951040253147312e+03
3.150722064682255223e+03
3.236538570905607685e+03
3.100682576848849294e+03
3.311768927244689621e+03
3.499268405018168778e+03
3.106068793612934314e+03
3.241703996489545716e+03
3.051349285390109344e+03
2.850241531650076922e+03
2.917585466719525812e+03
2.976149872788235825e+03
2.782314872822857069e+03
2.542454097369151441e+03
2.665716199723257432e+03
2.672559337533236430e+03
2.704327165905680886e+03
2.498624940733973744e+03
2.505545151188533964e+03
2.446882589370038204e+03
2.416432614474462298e+03
2.309922639333677580e+03
2.700092714019313007e+03
2.664568157180311573e+03
2.653605195069575984e+03
3.009372601895242497e+03
2.986626845244037668e+03
2.932059251126387153e+03
3.324716822117647098e+03
3.213446298793684491e+03
2.900268947197670059e+03
3.205500385104354336e+03
3.147491138703155229e+03
3.238685637497480911e+03
3.556881907203142418e+03
3.169913459330377464e+03
2.976966458287869045e+03
3.406977395997623717e+03
3.275926363872833463e+03
2.968931069007964652e+03
3.032729779334313662e+03
3.245205370025740194e+03
3.225796632866243272e+03
3.547892766343963103e+03
3.014100175619844777e+03
2.549260767582369226e+03
2.176345226304895277e+03
1.854363213483934715e+03
1.883407714566953018e+03
1.548259507687052974e+03
2.141535039523039814e+03
2.681982377773490953e+03
2.948648190049509139e+03
3.004564473605878447e+03
3.038320318335841421e+03
3.239962659546483792e+03
2.848862774602842364e+03
3.195421371755941891e+03
2.992099996418386581e+03
3.221038224464973609e+03
2.947082788852558224e+03
2.822287551129142685e+03
2.325606256146374562e+03
2.697908616335655097e+03
2.148922916500073370e+03
2.182746751770280753e+03
2.312207938922508674e+03
2.921051499800214515e+03
2.931039878427674921e+03
2.700534372933466329e+03
2.409043930556846135e+03
2.650797394908646311e+03
2.272926711148212235e+03
2.490811007539193724e+03
2.387706245524840597e+03
2.594047382622115492e+03
2.940299419568044868e+03
2.656266296620730373e+03
3.084310983353270331e+03
2.870417703653670287e+03
3.222173842498975773e+03
2.910258842301221193e+03
3.116916438238358751e+03
3.022883943723460106e+03
3.085652784718779913e+03
3.016563476359807282e+03
3.179659196457675534e+03
2.820173587149131436e+03
3.133523470239510971e+03
2.913301059534073374e+03
3.067627904171166392e+03
3.032732842522606006e+03
3.257452883203763577e+03
3.004390643151423774e+03
3.099516063165688138e+03
2.987989610012337380e+03
3.306735759199022596e+03
2.862896487641156909e+03
3.043746412214714383e+03
2.894231315214274673e+03
3.288797332100866242e+03
3.089194389527563089e+03
2.799446371155787801e+03
3.326066344824303087e+03
2.781839344883985632e+03
3.293203489249514405e+03
3.178780567963240173e+03
3.127635984500010181e+03
2.827767698991292946e+03
3.025481460016691926e+03
3.315649528366990580e+03
2.606327360950052480e+03
2.310232715403429665e+03
2.299496676811685120e+03
2.358599352293620541e+03
2.577678175298718998e+03
2.476119771909186511e+03
2.466912691072583129e+03
2.711152424425540630e+03
2.750487531979135383e+03
2.747567929632141841e+03
2.985600985826215947e+03
3.001374163404510909e+03
2.611792127146700750e+03
1.889502193670028873e+03
2.060334476410854222e+03
1.521742394290278298e+03
2.255257737968675428e+03
1.876726051847514327e+03
2.661234910884145393e+03
2.896069348294988231e+03
2.679901543024387593e+03
2.482136547305548902e+03
2.663439262434683314e+03
2.478508222678824040e+03
2.769272316136965401e+03
2.690396390010111645e+03
2.898259080871534024e+03
2.689848143303758206e+03
2.780799514217598698e+03
2.639787614711251990e+03
2.727773166350638348e+03
2.276623253209729683e+03
2.499157043726695520e+03
2.656235246879992246e+03
2.776434225829837033e+03
2.935305596907828658e+03
2.603596023301264722e+03
2.365419336046357330e+03
2.795727859443561101e+03
2.456798318208580895e+03
2.448548129841166428e+03
2.691522020783262633e+03
2.388526328643937177e+03
2.563386224120985844e+03
2.391787741548584563e+03
2.882120563686057267e+03
2.533294629798836468e+03
2.789385051707024104e+03
3.003815191058859909e+03
3.028131915581463090e+03
2.927068327523021708e+03
3.073918883682476007e+03
3.287378932702294605e+03
3.233674829183496968e+03
2.937915011265269641e+03
3.057795905747262168e+03
3.238363396961379294e+03
3.321772069619348258e+03
3.306708561014238967e+03
3.057070469041966589e+03
3.325755736878276821e+03
2.825338435715113064e+03
2.946758462727412734e+03
2.733958712050506620e+03
2.847891257914803646e+03
3.035656294978839924e+03
3.125910055177061167e+03
2.616016157080262474e+03
2.678787502437552121e+03
2.088122108579620544e+03
1.389973649792750393e+03
5.634646388785346289e+02
3.802071304471949702e+02
-2.518059748950745913e+01
-4.065964062680978763e+00
-2.082573558771178668e+00
-7.550635578658876357e-01
-1.176481893768103859e+01
-1.919668330711864002e+01
-2.398594385594463674e+01
-1.534229147797546489e+01
-3.047105724031703389e+01
-2.079159859105079988e+01
-2.611440365718804557e+01
-1.867225197048183460e+01
-2.874814436156785646e+01
-4.881214846462448520e+00
-4.337279905589229045e+00
-6.952465178899053910e+00
-8.108003781740736216e+00
-2.206320091463853572e+01
-2.356578945982958828e+01
-1.187317486925626753e+01
-1.637633681164378130e+00
-2.502485537640365632e+00
-6.852940642382462366e-01
-2.477280087382983886e+00
-2.130781848658045874e+00
-1.177636174670149494e+01
-2.629532852834655188e+01
-1.250390028147096899e+01
-9.257815696217209123e+00
-7.834473886354678562e+00
-4.400800460720592611e+00
-2.910220603613959955e+00
-4.381471405413911668e+00
-7.429914819203193410e+00
-6.320112804772615611e+00
-6.104654771767508592e+00
-3.286948316582262830e+00
-1.175640211311927530e+01
-9.388766806135842913e+00
-1.596350659662360449e+01
-4.702640394759597342e+01
-4.845376547385034627e+01
-4.791494788898325652e+01
-4.802405520115688375e+01
-4.815966856274453534e+01
-4.884084042520583324e+01
-4.777999332658168896e+01
-4.773797728761972792e+01
-4.779488484693114714e+01
-4.684655294348635124e+01
-4.846444298206958479e+01
-4.815187526330861090e+01
-4.907710092672410696e+01
-4.961283502563070158e+01
-4.790298098983855368e+01
-4.811646387006455683e+01
-4.895381679398051489e+01
-4.888768378858255659e+01
-4.889994737646225786e+01
-4.910463120658552327e+01
-4.861310070581079401e+01
-4.759418808421104075e+01
-4.889769444475700766e+01
-4.890803240392379792e+01
-4.824309094151712429e+01
-4.874998625673163133e+01
-4.780764682336573657e+01
-4.800347242321132768e+01
-4.853911859532606599e+01
-4.938942455312871971e+01
-4.831216807176082284e+01
-4.961094282013054624e+01
-4.752764130023031441e+01
-4.789027843591418332e+01
-4.748528636587930407e+01
-4.885514749773333421e+01
-4.987142842239445173e+01
-4.911259163500342595e+01
-4.886899361114716811e+01
-4.879037302896288253e+01
-4.845438321722313901e+01
-4.840720976426619870e+01
-4.753597686574268266e+01
-4.868112231102819010e+01
-4.888723524881356042e+01
-4.837171635592287089e+01
-4.859872238884890550e+01
-4.865763290665438490e+01
-4.860823138011951983e+01
-4.777332675172164755e+01
-4.769504635528326730e+01
-4.780528384514243356e+01
-4.859641431461651706e+01
-4.801206171313249627e+01
-4.742420781044344835e+01
-4.813629026334400862e+01
-4.765125451931734091e+01
-4.867071521874653683e+01
-4.778128653006295679e+01
-4.832810084548277985e+01
-4.975182508651852942e+01
-4.946776457402636140e+01
-4.868406550890171047e+01
-4.839338129204950434e+01
-4.862576688728082530e+01
-4.819318180085224412e+01
-4.985858222340471713e+01
-4.895358276813892218e+01
-4.918524358528405571e+01
-4.780104411003618026e+01
-4.901269050246093428e+01
-4.881145314154268533e+01
-4.918023433553089774e+01
-4.906308368989320456e+01
-4.866934620746589957e+01
-4.874746064213582741e+01
-4.923753942377457804e+01
-4.828915733954084999e+01
-4.756221050224391433e+01
-4.908221206100512291e+01
-4.828904503022805983e+01
-4.868937267126617030e+01
-4.892157932811696952e+01
-4.655263134098478162e+01
-4.884610323554011302e+01
-4.734270930434139046e+01
-4.779806860985237194e+01
-4.809066396992721337e+01
-4.817175120024445789e+01
-4.839283467954720663e+01
-4.668653197212195494e+01
-4.872505151715385807e+01
-4.853077398427665656e+01
-4.831498312781300797e+01
-4.918884793635653807e+01
-4.752936542513432272e+01
-4.870568917623904781e+01
-4.832518608909188629e+01
-4.914534848804911604e+01
-4.878952223851722891e+01
-4.832335990882378240e+01
-4.729034455141426463e+01
-4.844102292297525025e+01
-4.694682476199180599e+01
-4.938621823293762247e+01
-4.824301007248826068e+01
-4.799166213508097201e+01
-4.713545856121641719e+01
-4.690965488648195958e+01
-4.732881327333323185e+01
-4.768383722563483218e+01
-4.900168467681645268e+01
-4.783810571448393034e+01
-4.693772078854691898e+01
-4.888737121317844725e+01
-4.885703015687375483e+01
-4.826443489292785216e+01
-4.864117705241778111e+01
-4.872728157488377576e+01
-4.905814825613091301e+01
-4.926931725137869478e+01
-4.717797917942922936e+01
-4.845182359479665735e+01
-4.703775514317586470e+01
-4.717035558583937416e+01
-4.784776194887149359e+01
-4.873043725014366601e+01
-4.776125389039783897e+01
-4.750872090027360883e+01
-4.861272407274243079e+01
-4.898204233071840008e+01
-4.947492498125374993e+01
-4.890485255319449465e+01
-4.769555254981090542e+01
-4.756081231658995989e+01
-4.712735260913571267e+01
-4.893658258406598094e+01
-4.854525128945186907e+01
-4.727286996239926964e+01
-4.835013162570020029e+01
-4.875666137171054970e+01
-4.848123514477583740e+01
-4.842969439359118411e+01
-4.822943946047923447e+01
-4.847430592641992320e+01
-4.802154168321467864e+01
-4.864634989938556231e+01
-4.735172660603249994e+01
-4.777626249433065198e+01
-4.754969666148504359e+01
-4.808111927610596581e+01
-4.896430867346963112e+01
-4.808441838152357661e+01
-4.947633100172166820e+01
-4.664036267761715493e+01
-4.908829994333255797e+01
-4.944043167875394573e+01
-4.832319234405259323e+01
-4.675473824929292732e+01
-4.859155229544379750e+01
-4.822938801889474547e+01
-4.779066689716006522e+01
-4.815346795986580020e+01
-4.941306237364204179e+01
-4.759791833519491888e+01
-4.762863045428338893e+01
-4.770466654415358221e+01
-4.788268152437667169e+01
-4.889000854913687988e+01
-4.791461414500782467e+01
-4.789748254684600681e+01
-4.932019607297333152e+01
-4.920359938389157861e+01
-4.901147835470212755e+01
-4.700638882738097379e+01
-4.811894753189098140e+01
-4.790014558376160636e+01
-4.918065418375820030e+01
-4.763490151175511755e+01
-4.720017411502287530e+01
-4.846460995173705300e+01
-4.864397485628202134e+01
-4.846189636789225830e+01
-4.815904923696520967e+01
-4.910977401578093549e+01
-4.837934610669098134e+01
-4.960177687454013551e+01
-4.888316687165684726e+01
-4.847577854046260626e+01
-4.790069285434886837e+01
-4.798128810557542323e+01
-4.764575278563825833e+01
-4.851625256807480469e+01
-4.758196766602479499e+01
-4.729102654406808881e+01
-4.939435696443533885e+01
-4.874419640576435597e+01
-4.836266170848762869e+01
-4.941708664504177762e+01
-4.725863944994079446e+01
-4.725255124756501601e+01
-4.720727655261122635e+01
-4.727940844228737660e+01
-4.711276794599318407e+01
-4.806847261749630462e+01
-4.803217530947937774e+01
-4.864192141926344704e+01
-4.862143702991667737e+01
-4.728823022065591175e+01
-4.828851703473232959e+01
-4.706700641420323450e+01
-4.732016283638002108e+01
-4.824945170704878450e+01
-4.836533081730571837e+01
-4.803311968711673785e+01
-4.843253083657780422e+01
-4.897997484597966888e+01
-4.744913981237372980e+01
-4.887713853739838754e+01
-4.870687791563275937e+01
-4.674020842780335272e+01
-4.775647876918407064e+01
-4.741804812702665828e+01
-4.824004086813814496e+01
-4.890046245806617975e+01
-4.868783668113189833e+01
-4.683396046654321054e+01
-4.944565429573545146e+01
-4.792744145968269009e+01
-4.872288654170080946e+01
-4.911074744511911661e+01
-4.782143346491952229e+01
-4.730487299799317213e+01
-4.839963433862690323e+01
-4.788372295175040705e+01
-4.770573656179352895e+01
-4.874143269020481739e+01
-4.811701135366696036e+01
-4.732430845980962175e+01
-4.748111910457419071e+01
-4.791726336704628153e+01
-4.814356098261117722e+01
-4.838856871243025637e+01
-4.765509850778409628e+01
-4.732461414045504711e+01
-4.778807861703228355e+01
-4.899845206540010878e+01
-4.927554543161377154e+01
-4.879537115696473393e+01
-4.776783239587477681e+01
-4.748894765023203490e+01
-4.733264689988556739e+01
-4.749211048123422785e+01
-4.854214604836275981e+01
-4.802979465054497155e+01
-4.758932533974724777e+01
-4.784539779690437200e+01
-4.713516247354687749e+01
-4.835242882167921863e+01
-4.864585977342631651e+01
-4.834089632258511671e+01
-4.781918234923401911e+01
-4.844651917111436035e+01
-4.854530102557642834e+01
-4.792974105550242570e+01
-4.789597572803793213e+01
-4.782449648946987963e+01
-4.940384983349755288e+01
-4.786488357108627412e+01
-4.893718578209043102e+01
-4.897360801156826682e+01
-4.837598300105663185e+01
-4.791083050663596055e+01
-4.752086598638376813e+01
-4.866826777375425905e+01
-4.888967541786763604e+01
-4.835857283468021706e+01
-4.764556209145737853e+01
-4.823083990979105806e+01
-4.781605399052952521e+01
-4.851764984375333967e+01
-4.881193950018051453e+01
-4.837870010253708841e+01
-4.872635153735801339e+01
-4.835319167282755615e+01
-4.683956802784894080e+01
-4.688341326347675420e+01
-4.831360375932207774e+01
-4.779824761783704190e+01
-4.769628429609713294e+01
-4.729388051575735119e+01
-4.978175972868915977e+01
-4.789186814414278359e+01
-4.881186966835321073e+01
-4.868782845483575983e+01
-4.850720133760797381e+01
-4.795655020724812090e+01
-4.866863732411844978e+01
-4.858049841219892784e+01
-4.881452349454586681e+01
-4.801721477501718027e+01
-4.805828597630140564e+01
-4.696673038241080889e+01
-4.715271081050443769e+01
-4.919851552360708524e+01
-4.768347131722708809e+01
-4.892070219685724197e+01
-4.798355476652686491e+01
-4.884918854325449189e+01
-4.896506637337891732e+01
-4.876881292473181873e+01
-4.821282473857669260e+01
-4.731652345749366617e+01
-4.831095770944001089e+01
-4.836524843324423983e+01
-4.980712761726500304e+01
-4.903386906696966463e+01
-4.988041454705475530e+01
-4.861138572064758989e+01
-4.667287698112048133e+01
-4.839943727434503273e+01
-4.725276142659684098e+01
-4.793709768872027865e+01
-4.833907849210041974e+01
-4.844451644325165773e+01
-4.739791964370078858e+01
-4.811307540212911960e+01
-4.925862155237443574e+01
-4.903053059138563441e+01
-4.832169329467704699e+01
-4.700974405291331948e+01
-4.928480752909579365e+01
-4.761809067648673732e+01
-4.822193293932895841e+01
-4.856001629997106050e+01
-4.879685362322486242e+01
-4.872425040045223454e+01
-4.889480452097181029e+01
-4.827196239468024430e+01
-4.855324579382693173e+01
-4.911036820492796551e+01
-4.853355352182143889e+01
-4.853585605108427359e+01
-4.693848092850308262e+01
-4.752523561623365822e+01
-4.854727822600005283e+01
-4.825628828903051470e+01
-4.921479125204076155e+01
-4.632249145276919222e+01
-4.864148407637593152e+01
-4.856803674970517903e+01
-4.659574516172048675e+01
-4.842808843687442533e+01
-4.796491466147607952e+01
-4.878706469079357788e+01
-4.690687301788467778e+01
-4.883607416384543853e+01
-4.809504368224182969e+01
-4.878190791317928898e+01
-4.881555835327154824e+01
-4.785108530543024585e+01
-4.851471650256400636e+01
-4.925201396992930825e+01
-4.760685946538438174e+01
-4.841371564296858310e+01
-4.891392405929981635e+01
-4.840317846267803503e+01
-4.862139035487339811e+01
-4.795748858649913160e+01
-4.914790928547753168e+01
-4.837574015495401625e+01
-4.854443408950576355e+01
-4.933374303478695566e+01
-4.760474841735919682e+01
-4.888346758777473866e+01
-4.753985060874453694e+01
-4.813166237030951322e+01
-4.824082339867533875e+01
-4.665814043885433904e+01
-4.889741138879040960e+01
-4.807939040381511830e+01
-4.787313103791056079e+01
-4.819707957070916393e+01
-4.803881933748705535e+01
-4.810699175815482675e+01
-4.810869132164584272e+01
-4.866572609453273657e+01
-4.903366116252094287e+01
-4.831449307544387750e+01
-4.883887873100202626e+01
-4.846493387559770838e+01
-4.888621426393745395e+01
-4.837849743595641883e+01
-4.810139213405692971e+01
-4.699189229098951159e+01
-4.851227847920251435e+01
-4.776083832988128108e+01
-4.886674249332040176e+01
-4.929577744259788830e+01
-4.807322155338211900e+01
-4.864219075554836280e+01
-4.823061165289615815e+01
-4.836829475908350418e+01
-4.761708590550323095e+01
-4.872955560140990627e+01
-4.772951899687648591e+01
-4.818459022642893075e+01
-4.790145404214683822e+01
-4.919888369810901452e+01
-4.757783486093049419e+01
-4.852430466834847067e+01
-4.723844092391901484e+01
-4.757476501425413318e+01
-4.896991420377693771e+01
-4.830342125026214717e+01
-4.781071961206782106e+01
-4.820281367226509417e+01
-4.795039223667563277e+01
-4.764265710143907029e+01
-4.946105878713881054e+01
-4.915773088308417016e+01
-4.906999846560646006e+01
-4.873768378179750727e+01
-4.819466876133845545e+01
-4.830776793534937497e+01
-4.826569840959419366e+01
-4.948291168124129769e+01
-4.699869553456544935e+01
-4.735368321289185900e+01
-4.810370631010140130e+01
-4.749938146138713790e+01
-4.898216829269934181e+01
-4.848147117632097292e+01
-4.829523138685308936e+01
-4.722253200204225010e+01
-4.935483527592555220e+01
-4.753989753029673437e+01
-4.829575770036422000e+01
-4.873290797272925090e+01
-4.804238663545789478e+01
-4.870311201639875520e+01
-4.760427554222624025e+01
-4.841940181832037382e+01
-4.897646303894273956e+01
-4.874966777832169385e+01
-4.996463430138413742e+01
-4.804361863899150364e+01
-4.822253914135804820e+01
-4.621517430890830980e+01
-4.874392208061340170e+01
-4.750018977438976719e+01
-4.850892457975844252e+01
-4.724052933190769465e+01
-4.743650091301132221e+01
-4.813775556508617370e+01
-4.827380371171838647e+01
-4.815352767217103747e+01
-4.809510894072303699e+01
-4.866937450639227336e+01
-4.798133188332507615e+01
-4.753091971968457585e+01
-4.791825068444047275e+01
-4.915219145117693955e+01
-4.802285281421303864e+01
-4.890979227264354989e+01
-4.706101306138529594e+01
-4.712094801030954727e+01
-4.701072523260397418e+01
-4.872200236820009422e+01
-4.802865905370080668e+01
-4.796182374223103295e+01
-4.818761424784235459e+01
-4.750807030280829224e+01
-4.786728315092459951e+01
-4.854809924632670004e+01
-4.863630229112503400e+01
-4.791433389374522989e+01
-4.803561060431717777e+01
-4.657728062289735504e+01
-4.854785710651547248e+01
-4.802439387776769308e+01
-4.807729036760315466e+01
-4.852119020741008626e+01
-4.795225636317269391e+01
-4.842577946076551854e+01
-4.903235544593719197e+01
-4.784720749881307711e+01
-4.831052201964519099e+01
-4.732795657763379182e+01
-4.700185759887823167e+01
-4.739806943205148571e+01
-4.838495971977954468e+01
-4.881193495961554873e+01
-4.929878533496705728e+01
-4.748660941821987080e+01
-4.896788036579253856e+01
-4.820394239766708466e+01
-4.777747038405278346e+01
-4.877176510950847188e+01
-4.816329545477262997e+01
-4.998376393039574594e+01
-4.946872020365369593e+01
-4.874063035380821418e+01
-4.694643025928493785e+01
-4.915569409970493098e+01
-4.799743094487703132e+01
-4.881405882415772624e+01
-4.612988103574438981e+01
-4.839404047059301206e+01
-4.773202014970297569e+01
-4.777633696867461310e+01
-4.856174837725329496e+01
-4.895957357480583738e+01
-4.820061814614265927e+01
-4.729254374819966245e+01
-4.764974485531696757e+01
-4.861435338115798288e+01
-4.919195638529803460e+01
-4.828712124603961087e+01
-4.760282045473831403e+01
-4.904052240393522766e+01
-4.838486691807582929e+01
-5.003084917205889326e+01
-4.711798893262761112e+01
-4.817160293579269847e+01
-4.808038684995849366e+01
-4.811522973720129670e+01
-4.991238533528968446e+01
1.742603459235568380e+03
2.431717839746497702e+03
2.434182394523787025e+03
2.700301593067065824e+03
2.684439401346440718e+03
2.614764108302614204e+03
2.771086525469517710e+03
3.310962422285750563e+03
3.087821147847972043e+03
3.147010956182994050e+03
3.230010452389320108e+03
3.224852834167504625e+03
2.788007010320898644e+03
2.344709931969123318e+03
1.554124291231152256e+03
8.235786537615417728e+02
3.477126507965508608e+02
3.404033900620602822e+02
7.086393772580003088e+02
7.584595860848075972e+02
6.587905941658286793e+02
7.953690729264778838e+02
1.095543593038926474e+03
1.473629533071971537e+03
1.322495901615607409e+03
1.471964894204694929e+03
1.525162477250324400e+03
1.323716151220219217e+03
1.070116804600072555e+03
1.104380253209784996e+03
6.773834776416972545e+02
2.912995625721708279e+02
6.647036266765497885e+02
8.095617113700948266e+02
4.855502852313853737e+02
3.632968122215571043e+02
5.756058967801710651e+02
5.276697372418644818e+02
5.349265229980135246e+02
8.411875038552492470e+02
3.746892936758520705e+02
2.818802834924672425e+02
3.789241254752654982e+02
1.171653309740245504e+03
1.063844211517722215e+03
1.199680678266968471e+03
9.949234403080693028e+02
9.176027320159018927e+02
1.202260912087764609e+03
1.834812009215216676e+03
1.791627069001975087e+03
1.625648295444596442e+03
1.492273712882185009e+03
1.339594156670091479e+03
5.510973496684287056e+02
3.911660252636104360e+02
7.970609204710613938e+01
5.267139666913398059e+02
5.841714661907781192e+02
3.786528330260244957e+02
6.250561657486615559e+02
7.509528473752798163e+02
5.143531578909336304e+02
2.157945118645930620e+02
1.242404575525864345e+02
8.027581298306755571e+02
1.498190596130506265e+03
1.147855378236998831e+03
-2.142405584371102023e+01
-9.904290577688632524e+00
-2.366293351957307678e+01
1.607272215828929802e+02
4.361760692634258021e+02
1.160860108507714358e+03
1.681221804999696587e+03
2.966114047965573945e+02
-1.851542648885276421e+01
-1.033682272736319518e+01
-2.154709061885212407e+01
1.098264548136803143e+01
3.072263033543119377e+02
2.097871922056547760e+02
2.086944872517987193e+01
4.641066518631873237e+02
1.162235813206695411e+03
1.526816920366815111e+03
1.802124867520322368e+03
1.329357415856483613e+03
1.790979482671262303e+03
1.619103524168747754e+03
1.748954489265022403e+03
1.858539454049590631e+03
1.703119304277900483e+03
2.014130009782602883e+03
1.870570225186719654e+03
1.694452797974317491e+03
1.724212522287957199e+03
1.640601323779332688e+03
1.908944423656033450e+03
1.560963572967875734e+03
1.770066106918957757e+03
1.833379848344303127e+03
1.783140485306511891e+03
1.845584270290068162e+03
1.367579723251521045e+03
8.671946143292174156e+02
7.862529330786155697e+02
8.362823023393402764e+02
1.567760848459019371e+03
1.226886151243697896e+03
9.902245970609435517e+02
9.774082602215473798e+02
4.109895602025468406e+02
1.503538449113880517e+02
5.854300574752068087e+02
1.198760285791200886e+02
4.502709285289317620e+01
3.194106742117905355e+02
1.110947190601400507e+03
2.545235214493050364e+02
-7.902645101841654807e+00
-9.077539864162165628e+00
-1.293554019435859281e+01
-4.436626872775556230e+00
-8.928173333687579927e+00
1.536560204362139075e+02
1.406264023111531515e+03
5.535881924711794682e+02
2.809760199064679114e+02
-1.700103211541508230e+01
-1.554702023648925113e+01
-9.686478971086168954e+00
-1.617922924732150847e+01
-6.441260658094932090e+00
3.059004542026292572e+00
7.831069880085462955e+02
8.910003177915954211e+02
7.279479246913692805e+02
4.972832700366683412e+02
3.240096518356534148e+02
2.805119894918913701e+02
4.888028910536168041e+02
1.504886509238972394e+02
4.427239919650817512e+01
1.589893139652148193e+02
5.942980673225578414e+01
1.955161613715545457e+02
2.313454154686731670e+02
7.153678270241363180e+02
1.729983234336803207e+03
1.740718984914567272e+03
1.396006125781689207e+03
1.462067580935341311e+03
8.529118032414422714e+02
1.030872210062880185e+03
5.450727969819329246e+02
1.317624625588144305e+01
3.244305100582658952e+02
1.725161138057461301e+02
4.912463010729049984e+02
4.046480662799814922e+02
3.816704646023557643e+02
3.042644230606994142e+02
4.104486695641290908e+02
1.045324874533986531e+03
9.173651166023756787e+02
6.850112062528301067e+02
3.148643713688350090e+02
2.638925140733330181e+02
4.328299839853047359e+01
5.344631385063364348e+01
1.254468961468000145e+02
-1.503063962427716049e+01
-1.114207205215491392e+01
1.110925206694591871e+01
-2.170529428067190736e+01
4.343259905426979373e+01
1.974659486414884952e+02
2.152192918510199320e+02
4.531461521716233420e+01
-2.261778570330548987e+01
-2.238716210449403121e+01
-2.442104739234169486e+01
-1.524730272246792140e+01
-1.463782661840435217e+01
-1.310577912389507738e+01
-3.218438908750804472e+01
-1.044191208919896807e+00
-4.830057472616295478e+00
-1.634692015235404483e+01
-4.882837505905471431e+01
-4.762155169036540059e+01
-4.839944010983135314e+01
-4.815748360880854051e+01
-4.788413743356172603e+01
-4.738695034997321187e+01
-4.880167826684241561e+01
-4.765114045190651382e+01
-5.004143172002903839e+01
-4.776707328612237546e+01
-4.930032157522514069e+01
-4.935376408362475331e+01
-4.761203616588290544e+01
-4.860344562228276288e+01
-4.826981074869109989e+01
-4.722098701462559944e+01
-4.828079103747651146e+01
-4.846552184071651226e+01
-4.793475860192546634e+01
-4.764769214026360800e+01
-4.689862629799265648e+01
-4.715401823242247303e+01
-4.960282711545349343e+01
-4.660597344545068665e+01
-4.747856278734970203e+01
-4.841695422776501090e+01
-4.770295699465539485e+01
-4.884681007503849770e+01
-4.909029356267747346e+01
-4.849626171654023210e+01
-4.932394832487251080e+01
-4.763905269969409773e+01
-4.919818271264656317e+01
-4.838730269962913866e+01
-4.798258133661747848e+01
-4.804692920047668991e+01
-4.841070882557719557e+01
-4.952526057900985990e+01
-4.854521464791205432e+01
-4.800080719039088706e+01
-4.813747769360851692e+01
-4.799044472503514669e+01
-4.682524763565018588e+01
-4.854901266354900713e+01
-4.778408953204382215e+01
-4.766609349322497025e+01
-4.951941237995333722e+01
-4.927792680924430613e+01
-4.805090983192501142e+01
-4.793476469644701154e+01
-4.726270433765964896e+01
-4.930644931179655543e+01
-4.831988596542210246e+01
-4.839730950289922617e+01
-4.917188393833131954e+01
-4.877635952301593392e+01
-4.749614473508109569e+01
-4.876428949164430549e+01
-4.831367397887627391e+01
-4.764851483126009413e+01
-4.824978016817693316e+01
-4.732993521569792250e+01
-4.903844854587590163e+01
-4.790341030871965700e+01
-4.829793938158994138e+01
-4.904282214697703068e+01
-4.696657894837192515e+01
-4.867420113324697439e+01
-4.816718377053949496e+01
-4.689998885137601548e+01
-4.905786717031336508e+01
-4.781326013760672566e+01
-4.866877859261543193e+01
-4.794580802658369834e+01
-4.909893006093961532e+01
-4.811664759962408766e+01
-4.776925515836875036e+01
-4.883373586736393435e+01
-4.930208782439436987e+01
-4.823536181298285896e+01
-4.856840767412474236e+01
-4.883227839278421101e+01
-4.825308957822321787e+01
-4.832016633732862232e+01
-4.889835905848207886e+01
-4.668282631269196514e+01
-4.801447355478887857e+01
-4.759819083647727211e+01
-4.849867113314991229e+01
-4.822870523749034533e+01
-4.849743030197067384e+01
-4.889558743816903785e+01
-4.830558494637261902e+01
-4.818604206057106154e+01
-4.756220537688237471e+01
-4.726633250718643353e+01
-4.931704376388268685e+01
-4.921012535972408841e+01
-4.897660860270934080e+01
-4.910262038246736438e+01
-4.872790307449074021e+01
-4.831018254506141574e+01
-4.818490028691253002e+01
-4.786039671501309556e+01
-4.719510944465107372e+01
-4.794167024954438006e+01
-4.803830747674079760e+01
-4.806571970953046247e+01
-4.816844264021847266e+01
-4.925046367902280053e+01
-4.901928419580985263e+01
-4.808383145853486695e+01
-4.715072469842351666e+01
-4.832163208461517456e+01
-4.772072098653144678e+01
-4.715735909476683219e+01
-4.682812530199807100e+01
-4.825696312448384617e+01
-4.831251796472765392e+01
-4.692452452436781130e+01
-4.696236270541281499e+01
-4.779085422844292452e+01
-4.924478979139597357e+01
-4.700200293569854892e+01
-4.858304423827802765e+01
-4.825087256282412795e+01
-4.753316879797651495e+01
-4.867343414252533051e+01
-4.798111342950958402e+01
-4.870140937396278247e+01
-4.918001650686156978e+01
-4.867339890111291112e+01
-4.860372890436920557e+01
-4.791028419894143298e+01
-4.789811578357911515e+01
-4.800429054254581729e+01
-4.852698111817250037e+01
-4.716252292895241993e+01
-4.776672177944661257e+01
-4.805706725766343368e+01
-4.777837040549869840e+01
-4.842661910707530382e+01
-4.839856081833605828e+01
-4.930692584479950824e+01
-4.793195948828626030e+01
-4.903683121252673516e+01
-4.768656716598793821e+01
-4.833796666750298954e+01
-4.797390691586206657e+01
-4.923173823120669823e+01
-4.816873563787770252e+01
-4.849724977305791640e+01
-4.780638836440754602e+01
-4.847917925361558389e+01
-4.721454048062433628e+01
-4.876242821908000735e+01
-4.805221298156327947e+01
-4.678055608907521190e+01
-4.790258480032692034e+01
-4.777798165784471962e+01
-4.851777367098841864e+01
-4.897162937562561069e+01
-4.896110354597558256e+01
-4.761305093052955328e+01
-4.884887452446834999e+01
-4.740037273062691980e+01
-4.872923954463803398e+01
-4.839272340623566748e+01
-4.845823594843820104e+01
-4.798397809163712679e+01
-4.810967504219267710e+01
-4.831440547124057616e+01
-4.740866834651130546e+01
-4.823795815572297130e+01
-4.871421243840296711e+01
-4.782744298069196276e+01
-4.816267358046793845e+01
-4.849330162589691895e+01
-4.920895534553686446e+01
-4.812729443087783920e+01
-4.949405540680695736e+01
-4.986870696938851211e+01
-4.847615736235336215e+01
-4.940843442063388125e+01
-4.812274546069753711e+01
-4.832561666501901243e+01
-4.735804362281616164e+01
-4.787983841543356789e+01
-4.847948173189654852e+01
-4.876198152803306840e+01
-4.781796770759448378e+01
-4.826184816966431868e+01
-4.898781562177394022e+01
-4.816994555884355123e+01
-4.787318890417045480e+01
-4.726938771921463456e+01
-4.879997926268325870e+01
-4.703842505510096572e+01
-4.801984882297240631e+01
-4.788758835371546496e+01
-4.766893411907882694e+01
-4.635718117920897186e+01
-4.780417373709292406e+01
-4.878609409755522108e+01
-4.761507021406079332e+01
-4.878515845352131208e+01
-4.881933756125346235e+01
-4.756194082222836528e+01
-4.614501238179368414e+01
-4.766279120740357911e+01
-4.785011685055570752e+01
-4.800464598562825103e+01
-4.801252325615036654e+01
-4.739237275777831115e+01
-4.765130013784449403e+01
-4.825095298770612828e+01
-4.768885500194443239e+01
-4.752986829871686325e+01
-4.811833945565314252e+01
-4.620300855349186975e+01
-4.824214944618322676e+01
-4.855670098113034072e+01
-4.712137334507483644e+01
-4.736070602511674110e+01
-4.855978327336707423e+01
-4.852001736700218970e+01
-4.732861499350445911e+01
-4.848013314138088248e+01
-4.801082448058117791e+01
-4.880328047963120497e+01
-4.865102871996118949e+01
-4.820628999816455718e+01
-4.920715398597665313e+01
-4.897117347004051169e+01
-4.721033106370762056e+01
-4.861776709920418682e+01
-4.667415276632551979e+01
-4.846521689143259692e+01
-4.652734961914046607e+01
-4.799054199462127457e+01
-4.802786781499342084e+01
-4.900449890371612582e+01
-4.873609244997580703e+01
-4.872760689260768885e+01
-4.904001527184390596e+01
-4.707906560426644660e+01
-4.830104398393103082e+01
-4.815818089859826756e+01
-4.895631906577208525e+01
-4.844932293217898689e+01
-4.888874816106615384e+01
-4.758782989377881023e+01
-4.862346164939305737e+01
-4.907313770757859572e+01
-4.942167811775344433e+01
-4.801336622090490636e+01
-4.845397747861995441e+01
-4.822245849522663974e+01
-4.911377018586446752e+01
-4.891386680617707583e+01
-4.895729044269520358e+01
-4.857570182097907008e+01
-4.799950099524952662e+01
-4.793628198464944035e+01
-4.828994552375184668e+01
-4.815635882198603213e+01
-4.755764453444983531e+01
-4.946864649572188455e+01
-4.864069509446927952e+01
-4.858787759683749385e+01
-4.957929037073812850e+01
-4.848557950587364473e+01
-4.691396358218587181e+01
-4.743986281381073411e+01
-4.841868269151115101e+01
-4.995489671306244617e+01
-4.790445099659653039e+01
-4.742251223876917976e+01
-4.823047626734298632e+01
-4.788455401561598990e+01
-4.747984999916234017e+01
-4.960111263607776522e+01
-4.807334278964597729e+01
-4.886600232825252021e+01
-4.779481899443743487e+01
-4.712685847120937410e+01
-4.889052911690579606e+01
-4.682618944367804659e+01
-4.719447179914084245e+01
-4.807997681263046985e+01
-4.818461107103110663e+01
-4.776551623036840510e+01
-4.685625691084322852e+01
-4.956658824110432704e+01
-4.922148601406405533e+01
-4.874438415389914780e+01
-4.848133358922653002e+01
-4.716270488377296743e+01
-4.842589915931210953e+01
-4.777427532106379005e+01
-4.833846135606059846e+01
-4.695878042677265540e+01
-4.677084181884674052e+01
-4.940895588809436845e+01
-4.767771109965929099e+01
-4.889952876085656897e+01
-4.879983750200428716e+01
-4.901531288714272705e+01
-4.846019825947399084e+01
-4.891136465470697914e+01
-4.750958773067278429e+01
-4.711741292407283055e+01
-4.926009105165969260e+01
-4.860639503500716074e+01
-4.877190872075369299e+01
-4.788652041963757711e+01
-4.915082917568339838e+01
-4.911692424223741682e+01
-4.718584586784982093e+01
-4.710268992204996152e+01
-4.908289857104204401e+01
-4.788161307270056710e+01
-4.815684086664433039e+01
-4.844477764519353968e+01
-4.899581911632845532e+01
-4.797017302867907063e+01
-4.837021637973969490e+01
-4.851064826546289055e+01
-4.815367666900244359e+01
-5.043587053618984584e+01
-4.807841969253466630e+01
-4.746992592096653141e+01
-4.904359770368657223e+01
-4.845093783926597553e+01
-4.818401982785745474e+01
-4.828247643466815475e+01
-4.831351011118270833e+01
-4.850316870366129507e+01
-4.770366767152251697e+01
-4.687257880017718037e+01
-4.862053711193636474e+01
-4.758849809549577259e+01
-4.757545547879564651e+01
-4.744851338744145863e+01
-4.704466630212635891e+01
-4.815893978244098150e+01
-4.844777462386628741e+01
-4.844134635751652951e+01
-4.898177312265832484e+01
-4.783064049057099965e+01
-4.899795310629873057e+01
-4.822598193798782518e+01
-4.814384991313378492e+01
-4.556716381431183294e+01
-4.824460310505482852e+01
-4.858457171257006024e+01
-4.912381211812278536e+01
-4.836821718746867305e+01
-4.937460885337302585e+01
-4.897273406300077880e+01
-4.824302998618918537e+01
-4.699570384858631655e+01
-4.795242720519850366e+01
-4.928049297549020480e+01
-4.843765141507499550e+01
-4.784706606953878349e+01
-4.842878312068016555e+01
-4.772339919491738414e+01
-5.018121199020031753e+01
-4.831745844613465124e+01
-4.845455001962719876e+01
-4.883152976946811918e+01
-4.824798597239944087e+01
-4.787529303445031559e+01
-4.881874197744969024e+01
-4.781977191604886457e+01
-4.774676146816509004e+01
-4.745559301665429075e+01
-4.760777824417251480e+01
-4.868203077562920100e+01
-4.918754562409289832e+01
-4.840002640706233450e+01
-4.821573337973178752e+01
-4.701816563889225620e+01
-4.939787192257296766e+01
-4.892119787302149092e+01
-4.784891075078750333e+01
-4.732444640632024857e+01
-4.900223959330619294e+01
-4.893606775742770765e+01
-4.895471898192447213e+01
-4.771041513973453618e+01
-4.733528835774358612e+01
-4.828838863042274454e+01
-4.746027367206380632e+01
-4.757890957478593918e+01
-4.803742504349721543e+01
-4.852883572285517033e+01
-4.827777712728734372e+01
-4.882136872038955744e+01
-4.926729370406663833e+01
-4.837386774261408107e+01
-4.834899885957040055e+01
-4.896682157224574894e+01
-4.700975130872906504e+01
-4.855731924514362419e+01
-4.862615286497268130e+01
-4.893987076653442614e+01
-4.938806288067204520e+01
-4.891239943159497727e+01
-4.789032629753312165e+01
-4.853234095551633942e+01
-4.814292727303944019e+01
-4.776178697684933638e+01
-4.836809589862086511e+01
-4.955023365591827655e+01
-5.014647121299103816e+01
-4.781584769062392581e+01
-4.878904001854718331e+01
-4.825430697689412085e+01
-4.782801605641817844e+01
-4.739330133988064375e+01
-4.769122375452123208e+01
-4.717144653730825610e+01
-4.893747055532035262e+01
-4.894682098003882231e+01
-4.832441083868499021e+01
-4.952872699233862619e+01
-4.868373968092066661e+01
-4.778681440331599362e+01
-4.863419456262285934e+01
-4.882166334667748941e+01
-4.749499989161520119e+01
-4.866003719389685500e+01
-5.042464431498684263e+01
-4.824382161933030488e+01
-4.755412874451413074e+01
-4.890235643553657496e+01
-4.803034566235940872e+01
-4.888084048258554049e+01
-4.890156493109137159e+01
-4.833301426433850168e+01
-4.855805575828926379e+01
-4.885204928168129612e+01
-4.911261277375520962e+01
-4.987761239364890287e+01
-4.801741936149898748e+01
-4.751540948713103063e+01
-4.843012038715343692e+01
-4.809595648444774696e+01
-4.973074368218095032e+01
-4.843326590207956173e+01
-4.971074343332567480e+01
-4.809030074648813979e+01
-4.799802266379126792e+01
-4.891141421669365741e+01
-4.982154595251066098e+01
-4.780658362114573379e+01
-4.907796585520013366e+01
-4.823104697028337995e+01
-4.813516744207461784e+01
-4.635664306332077444e+01
-4.631178935262272489e+01
-4.791166252911729373e+01
-4.836247257654819975e+01
-4.737402356373166157e+01
-4.728208243357863694e+01
-4.879467447024472904e+01
-4.848219673922728390e+01
-4.623919509969073260e+01
-4.919909489045555517e+01
-4.762085994766220409e+01
-4.809602580664567029e+01
-4.635959621933630359e+01
-4.821850824099037425e+01
-4.892267019783454174e+01
-4.894773935946395227e+01
-4.797422363593628347e+01
-4.577917145875331073e+01
-4.721812841829483887e+01
-4.926358626518771899e+01
-4.833654558050290717e+01
-4.897734485180242103e+01
-4.794395775895744549e+01
-4.746180207551031316e+01
-4.926079558737496455e+01
-4.901963950843942541e+01
-4.715217906977775897e+01
-4.865555030713384355e+01
1.752876897856341429e+03
3.519887400523708038e+03
2.755877149916710096e+03
3.000353895889333216e+03
2.793192297689038242e+03
2.900504613898578100e+03
2.553712340024143941e+03
1.895230359142408133e+03
1.869881743651557827e+03
2.070935573428635507e+03
1.943015433868662285e+03
1.851405996523500335e+03
1.979704284401437917e+03
2.030763611211593570e+03
1.977452271491000602e+03
1.986057051812595546e+03
1.961487165777728023e+03
1.843648922008525460e+03
1.975613034865554937e+03
1.795660839427084966e+03
1.801951820805824127e+03
1.611652373627439829e+03
9.822160488089159571e+02
9.100029871250915221e+02
7.862154233960546890e+02
8.407677656578712231e+02
9.826140570956036981e+02
8.412860381013130109e+02
6.282377606443890272e+02
8.477583217818888670e+02
9.152954099318654926e+02
8.433281166546319128e+02
8.206465004366427820e+02
7.805302577443737846e+02
3.851459661178047895e+02
7.266993011898641726e+02
6.676795653623486260e+02
6.526511324592830761e+02
4.875187208868752577e+02
6.235190351963932471e+02
6.770312779681806887e+02
5.248470016451408355e+02
5.790089371041664208e+02
6.781802897704957331e+02
3.499985769213615185e+02
6.975893415469083720e+02
5.519896852233972595e+02
5.538084566327707989e+02
3.396285765384558317e+02
6.331042199920946132e+02
4.463316202326112148e+02
1.013338254925371984e+03
7.187056425486533726e+02
5.536449319850676147e+02
5.578019928975360244e+02
7.906608675106721194e+02
8.841022385671926713e+02
9.236277252975619376e+02
1.157799777959730136e+03
9.548247631213536124e+02
1.078628349037953512e+03
1.197385458767106229e+03
1.080822430330267935e+03
1.405311629588759615e+03
1.362608076480843692e+03
1.033832884660639593e+03
1.279656284251464967e+03
1.198466004161448609e+03
1.145670725676210168e+03
1.212934753230045317e+03
1.706900387898481085e+03
1.426819240479328073e+03
1.492520294789898799e+03
1.326625935078928705e+03
1.306498740471374049e+03
1.551012683370785226e+03
1.659584737895292619e+03
1.474145758918836918e+03
1.456118352927978094e+03
1.272519821042861849e+03
1.023415338384155916e+03
1.073686048185107893e+03
1.610675535911331053e+03
1.655815385196413217e+03
1.699133069199950796e+03
1.323993409132313900e+03
1.413780154258597122e+03
1.886333089821266185e+03
1.724716017212335146e+03
1.453274025486859273e+03
1.909612654332067450e+03
1.931678837424709400e+03
1.728000741571844856e+03
2.422956630776011480e+03
2.189027739848307192e+03
1.886108593784999812e+03
2.125988847953487038e+03
1.848585322139743084e+03
1.747402313058172012e+03
1.818949063104771767e+03
2.089122870936356776e+03
2.155276795139690421e+03
2.164755883951733722e+03
2.012145439564013259e+03
2.043908110514576492e+03
1.879303125947256376e+03
1.917314448204463588e+03
1.500802405942653877e+03
1.936822071466888019e+03
1.866086005964469223e+03
2.175934018384132742e+03
1.865264490017825892e+03
2.221390795286899447e+03
1.757991950517414352e+03
1.782121400213491370e+03
2.087647257193626956e+03
2.281855317770757665e+03
2.229213269255486921e+03
2.038651057732786512e+03
1.962099844631403585e+03
1.738665598881539836e+03
1.413132749664702260e+03
1.072494758867763267e+03
1.115660928007399207e+03
5.062545420530991009e+02
-2.296671171243737319e+01
-2.740881750327143962e+01
3.728476254177748217e+01
3.663154679620692633e+01
7.149916297718040141e+02
6.763040907242235562e+02
1.107763332216782374e+03
9.673103986383624715e+02
1.092820271067459316e+03
8.144458103771158903e+02
9.966397023766602388e+02
9.044807886373134806e+02
6.720143200805391643e+02
5.787394285564713527e+02
1.119920606512456970e+03
1.387989578554253285e+03
1.326959816656676594e+03
2.565767269914798021e+02
-2.892123221376628806e+01
-2.283075797378463534e+01
-2.726503804810453246e+01
5.117988594114331136e+01
8.042025102225835553e+01
4.731756683312942187e+02
5.223929864996639481e+02
1.514166458187688704e+02
2.056991576869346829e+02
3.353220272170262319e+02
3.054359976465819955e+02
1.944963769928219506e+02
2.121908106307420780e+02
3.488476864297263660e+02
2.184289314387914374e+02
1.319294174646441604e+02
1.422436094293913698e+02
1.660540311850285491e+02
9.165294240135092707e+01
4.250206899241832730e+02
8.340377277949226027e+02
1.034003182358103686e+03
1.082893741602015552e+03
1.446724159608739683e+03
1.124368727841351074e+03
1.331920963618776113e+03
1.603443665005684352e+03
1.878684359759445442e+03
1.517417283770586437e+03
1.275772001218133482e+03
1.429232757608427391e+03
8.631274776416483974e+02
1.045982250525504924e+03
1.007484733690869461e+03
8.374416566537647668e+02
8.457977320413855296e+02
8.471588240200464952e+02
5.699222237475610200e+02
1.122517230850010037e+03
1.670747067033179974e+03
1.732853738267706149e+03
1.907872453882010177e+03
1.837669631244362790e+03
2.014088173603025552e+03
1.739014932197693952e+03
1.466267267909350039e+03
1.668554311525386083e+03
1.938563183592493488e+03
1.801668229212286178e+03
1.940078455925421849e+03
1.891118020896550433e+03
1.928151194472917496e+03
1.893484376882965080e+03
1.874449690466334687e+03
1.651440230691158376e+03
2.005557143732112536e+03
1.727436742379158886e+03
1.836867463969464325e+03
1.411915754068863407e+03
1.252830433297985337e+03
1.704399526328475076e+03
1.219307038509153926e+03
1.121047961072342787e+03
1.610118933410654790e+03
8.229493650247852656e+02
1.195986537987334714e+03
7.557200571440694148e+02
1.026844504847347253e+03
1.160465166003805734e+03
1.306442466225420503e+03
9.406841517460001114e+02
9.671322679877835071e+02
1.330453737280625546e+03
1.240474418244199796e+03
1.455877369864992261e+03
1.222164613873229200e+03
9.747211759316105599e+02
1.029962393912376001e+03
7.247978595170829976e+02
7.481447923734838241e+02
6.627033182980019319e+02
2.943788819106353571e+02
4.590927549125180462e+02
2.363354487620271129e+02
2.586495111687148096e+02
1.954891402874836217e+02
5.748619955316014511e+02
7.787561125458111064e+02
8.130810284514458317e+02
1.090290337150766618e+03
1.207667990938490675e+03
1.234390245138699129e+03
1.245016040913815687e+03
1.318322667903878710e+03
1.251543285192329904e+03
1.404444604840050033e+03
1.574457576880061652e+03
1.336989187106414420e+03
1.235701523937736738e+03
1.716720365759973220e+03
1.829759441676010056e+03
1.616183779140377737e+03
1.517520925118189098e+03
1.360121680386500884e+03
1.419878454799889141e+03
1.257595168803304432e+03
1.161225779835829826e+03
7.802894705085884652e+02
1.013257123834461595e+03
6.407695032026848594e+02
8.974723196155484857e+02
7.271467959160202099e+02
8.685565966791942856e+02
7.190949791739336661e+02
4.554251691392332191e+02
7.257257082489365985e+02
5.226862115193815725e+02
4.380739180866840456e+02
3.601491104871033144e+02
8.150857426595879360e+02
5.942401875044988628e+02
9.126244663171321463e+02
5.429630060279509962e+02
6.372403229042960220e+02
3.670893003064260824e+02
3.459584621363559904e+02
6.189322279271262914e+02
4.184857966540171219e+02
6.728726971820154859e+02
7.875136326859797009e+02
6.906624131931453121e+02
7.650376319681477071e+02
7.057907661035072806e+02
4.187994020053529880e+02
1.070532183399540145e+03
1.047235297532796494e+03
1.020873573244378917e+03
1.182630271857623711e+03
6.871536480977894144e+02
7.484518843023116688e+02
9.572428553933447120e+02
8.164227115733559685e+02
7.105881784641526338e+02
4.876306999980603223e+02
8.588695496040925264e+02
6.842661995676454580e+02
8.415069704762386209e+02
5.472926301738982602e+02
5.393224046604035493e+02
5.511474021557021388e+02
5.317593100790677454e+02
8.338894266502346682e+02
6.506450558435280982e+02
4.369749420191280365e+02
5.544592524915120748e+02
1.170702678783542069e+03
9.659272680110251486e+02
9.215023274030381799e+02
8.774585116173892629e+02
7.858373171243896422e+02
8.248988471685119066e+02
7.960987514518820944e+02
5.671147573515668228e+02
9.253129846733678505e+02
7.230740817907985729e+02
5.939254888815712548e+02
4.649020147708762920e+02
4.516936779009950556e+02
3.834376009598099699e+02
7.311430190148894326e+02
5.941942381031183231e+02
2.648045512286985854e+02
2.468242667809114721e+02
3.740071321848079720e+02
3.760176287819812160e+02
2.905759362495836058e+02
3.394413069742019502e+02
5.698696466337755737e+02
7.708190558096318910e+02
8.141769726376096514e+02
6.653670409751000534e+02
6.197599528582059065e+02
5.413850091947663259e+02
4.908227077526626658e+02
1.285550138398593276e+02
6.436736999888731816e+02
3.784772434069067231e+02
2.439911391243180390e+02
8.476879655926655914e+02
5.502998999796980115e+02
5.616783337238305194e+02
4.635741280891268161e+02
9.421795542403220907e+02
5.700142635124650496e+02
6.911316629470863973e+02
6.819030794715438333e+02
6.365383634971657330e+02
1.895184996954549490e+02
1.096290817582001864e+02
1.226498675587820628e+02
3.142973541711352823e+02
6.035114412770274157e+02
5.634340626205479339e+02
5.462522551978805723e+02
5.100543592502057777e+02
6.538959162249572046e+02
3.990771683484020400e+02
5.751306605124055977e+02
6.981242901065357955e+02
5.573905267510658632e+02
8.247098245414472331e+02
6.504975882079022540e+02
2.497198641663243563e+02
9.769706340264048094e+02
1.150085265167722810e+03
1.489806626689008453e+03
1.668846681682896815e+03
1.873758410831737820e+03
1.598059095760247828e+03
2.025783355184421907e+03
2.320730364539082530e+03
2.068259492883586518e+03
2.039186034608675754e+03
1.777314926212156251e+03
1.779711013849451092e+03
1.485353050806732426e+03
1.478313398799361721e+03
8.719888491171450369e+02
5.356594590997167415e+02
9.780213851552948654e+02
7.148326482294322659e+02
1.088052353958126332e+03
7.167852081502657029e+02
7.332289352423520086e+02
5.672605667188103098e+02
3.036706368851062052e+02
-9.201634742355187413e+00
1.715419805832214806e+01
-8.022349441921770019e-01
1.723937531565899306e+01
1.268199082412573802e+02
1.797110096644581461e+02
2.374475962834792142e+02
4.088350579849190467e+02
1.076644920341903244e+01
-9.371373130550995967e+00
-1.395393605044957042e+01
-1.674988748163885788e+01
-9.379656380599804777e+00
-1.763743522119012042e+01
-1.318348485710732909e+01
-1.057974694773169588e+01
-6.490994437373858617e+00
-2.740970768153160986e+00
-6.386335119603425703e+00
-1.392741852802298652e+01
-2.676549966858210183e+01
7.017035331584389724e+01
-1.736314476517223326e+01
-2.287471798074560780e+01
-4.349462996739825726e+00
-4.110473185740585400e+00
-1.596375990347934426e+00
-5.406975872986696796e-01
-1.108451074121001634e+00
-1.188884153779667274e+00
-2.303926948041204348e+00
-1.890060339352742957e+01
-1.930739512107731093e+00
6.894318190111120259e+01
5.409130883369409730e+02
8.597848548802422783e+02
1.028730861389839220e+03
8.449772003712517972e+02
4.245173865699254065e+02
-1.522100148994853086e+01
-3.307859837197662523e-01
-3.741222919616791348e-02
-8.122452539698388208e-01
-1.097248404598219151e+00
-1.623886100289487544e+00
-1.894301683663288216e+01
-3.262324519180721527e+00
-1.188790071362750389e+00
-1.425791977875106475e+00
-4.474606452934131617e+00
-2.726310880397127789e+01
-6.096448651729706292e+00
8.924663421666522822e+00
-3.170580677896702326e+01
-2.135555719480547765e+01
-1.048588840826932334e+01
-1.702989181926410467e+01
-2.046429887179774099e+01
-1.588184427378730890e+00
3.703238681867395599e+02
4.890895264043280122e+01
2.625238043171242452e+01
6.627559266611966393e+01
-3.000116529087024020e+01
-5.526658409601040489e+00
-6.380995705573043963e+00
-1.705869711645002340e+01
-1.138324575715703624e+01
-3.853274405475475817e+01
-3.785248975901365753e+01
-1.744910987337915387e+01
-8.678009969215137787e+00
-3.756644893558902254e+01
-1.389825473406619949e+01
-3.825328323718120771e+01
-4.169579128522542533e+01
-3.305550095365822472e+01
-2.893509106825231214e+01
-3.083998553520766350e+01
-4.317606674835222691e+01
-3.613001376309553336e+01
-3.858994035565587666e+01
-2.349156964174508744e+01
-1.972073940036637296e+01
-1.305303896583247614e+01
-3.459219038991264483e+01
-3.167492949102441813e+01
-3.060456893432134962e+01
-3.686971476950878923e+01
-3.227125687767041740e+01
-2.103770760890235536e+01
-3.871877202811948138e+01
-1.123870266177711663e+01
1.462081494465643061e+02
2.380047230969888403e+02
3.883345343577827293e+02
-3.468256888991709275e+01
-4.396084289129927214e+00
-1.053273429302963970e+00
-2.120657026487558827e+00
-8.786543899796994239e+00
-3.836251727340783901e+01
-3.251260064386701742e+01
-3.870746626420229575e+01
-3.902386931502170597e+01
-2.545367743256296222e+01
-1.524218719283760848e+01
-2.789110063504348247e+01
-3.951347360214895588e+01
3.427492135409710539e+00
-3.951398765871876861e+01
-3.847091297403209609e+01
-3.527191699989603535e+01
-2.826092931746575587e+01
-2.737645769670682228e+01
-4.015303133902872901e+01
-1.234139502740705474e+01
-2.401926977502697369e+01
-2.404633445219494803e+01
-3.097258343543007086e+01
-4.209725024276900740e+01
-3.439566627237091012e+01
-2.967769810855496715e+01
-3.209662913703086673e+01
-3.931662590549171199e+01
-3.936841210556514881e+01
-4.050667767307066214e+01
-3.363207788603357784e+01
-2.990437068191773662e+01
-3.366935396254028490e+01
-1.410460477120353495e+01
-1.152265669343705135e+01
7.800596081422980888e+00
1.698395284784401440e+02
2.936610157549953328e+02
3.882064275851214461e+02
3.942622273596479090e+02
3.898023711048643349e+02
1.939536239294466213e+01
1.766336622841902795e+02
3.497682845673347174e+02
2.523791373581374842e+02
1.327727479303156066e+01
-2.711500202121285596e+01
-3.156998089309560740e+01
-1.959614713833773791e+01
-3.075685802076134223e+01
1.687341742644186979e+02
1.079968467556045368e+02
-1.386357204820325872e+00
-1.143151527445480653e+01
-3.162012095892735175e+01
-2.945042114381711329e+01
8.209568828500447069e+01
2.128540956155637787e+02
5.182199747904390961e+02
4.496139599152215851e+02
7.683684373082262482e+02
3.392639374771854364e+02
1.029626901248423337e+03
4.882132516340382153e+02
1.108329170558249871e+03
1.620080088338414726e+03
1.544274234978262029e+03
1.544863217207260959e+03
1.230642291082864404e+03
1.101137562796749762e+03
1.186643277622733876e+03
1.238978166817091051e+03
9.091866961757867784e+02
4.888216749308068074e+02
9.273328572066932338e+02
8.097111517666787677e+02
5.510978063646330156e+02
4.514395006895649658e+02
4.865590206143605201e+02
1.136977968773888108e+02
5.530525651608293174e+02
3.147426741439778084e+02
2.887582103477441819e+02
1.040088769056715591e+03
1.047714164534825386e+03
1.435673334223904931e+03
1.624614994628066597e+03
2.093040641874948051e+03
2.194403383922709509e+03
2.171496227863573040e+03
1.999374024295458639e+03
1.503321884507703544e+03
1.181253938412811067e+03
1.544993125810309721e+03
1.189019078208382780e+03
8.186305568611419403e+02
6.720664097823940892e+02
5.613280483722971894e+02
4.091265389972033404e+02
1.371122944511591015e+02
3.168580256423309720e+02
2.867111603721484698e+02
3.383210507317397742e+01
4.669165998061956913e+01
3.182906887586167954e+01
1.535513267742848313e+02
4.631316770546483212e+02
7.569783882976255427e+02
8.066873146495713627e+02
4.358246819016783320e+02
1.558034863372300194e+01
1.401993680618809321e+02
1.351917972243861321e+01
-3.285816661815024986e+01
-2.948171129487474573e+01
-2.100540924635185291e+01
-2.376603265466948045e+01
-1.408222522732596360e+01
-2.796387937236350041e+01
-7.080958732055671945e+00
-3.011072207777489851e+00
-2.427499792221842867e+01
-2.320860234995896221e+01
-3.960494866716934848e+00
-6.683686567556311964e+00
-1.291296876528985216e+01
-1.324809434605055536e+01
-7.367259993732464096e+00
-7.848058688764242063e+00
-2.323775278810014111e+00
-5.037270318925168411e+00
-2.783306710358687397e+01
-3.382307905403411752e+01
-2.138313789846355917e+01
-1.486535090619401700e+01
-2.528930018518862965e+01
-1.452450556178361829e+01
-7.745434131554270074e+00
-1.171208339559997214e+01
-1.999301930207587574e+01
-1.020100829637520157e+01
-2.458612978980775132e+00
-1.273886367253367524e+01
-1.435528711375276600e+01
-1.455803824485079723e+01
-1.333857990893562651e+01
-2.560908900627794527e+00
-7.641746216186313667e-01
-1.000398915250270804e+00
-1.603126110122472969e+00
-3.782933752012842543e+00
-5.117590118532220345e+00
-6.953544137213520493e+00
-4.012784278476574151e+00
-6.963962486255815598e+00
-2.823350269002984358e+00
-4.361660087485806692e+00
-6.540023448181213617e+00
-3.650956613220345481e+00
-5.231372832069087053e+01
-4.973866467467930619e+01
-5.001099397876963337e+01
-4.924878001899622149e+01
-5.178836620523188117e+01
-4.936344438616550434e+01
-4.893081190979733464e+01
-4.906235966970061213e+01
-4.797167834644509554e+01
-4.829651667475628329e+01
-5.139557861957460005e+01
-4.903388430983248725e+01
-4.950892356687904794e+01
-4.832301769325746932e+01
-5.107388049125749063e+01
-5.148541266083121570e+01
-4.895715646401227872e+01
-4.795557430586947589e+01
-4.898359751436966292e+01
-4.796463017141043395e+01
-4.858859486154049279e+01
-4.812024535892800259e+01
-4.749934313849017542e+01
-4.715659535836194038e+01
-4.878475067718923697e+01
-4.714477581616696966e+01
-4.782288212815565487e+01
-4.938469818986920501e+01
-4.776101763996539518e+01
-4.720630834189883274e+01
-4.863192128011696269e+01
-4.910296458085905869e+01
-4.872420468205817912e+01
-4.716587331705693487e+01
-4.951112937113114754e+01
-4.764742760568252322e+01
-4.734834309751681047e+01
-4.957900051700164568e+01
-4.726398300174786726e+01
-4.779788685125733849e+01
-4.883328603569253801e+01
-4.823617888464040959e+01
-5.030109780016194776e+01
-4.659506345086941081e+01
-4.670521219343140729e+01
-4.613992639166603738e+01
-4.813916948998084422e+01
-4.933805425993430305e+01
-4.954653027676538102e+01
