-4.882837505905471431e+01
-4.762155169036540059e+01
-4.839944010983135314e+01
-4.815748360880854051e+01
-4.788413743356172603e+01
-4.738695034997321187e+01
-4.880167826684241561e+01
-4.765114045190651382e+01
-5.004143172002903839e+01
-4.776707328612237546e+01
-4.930032157522514069e+01
-4.935376408362475331e+01
-4.761203616588290544e+01
-4.860344562228276288e+01
-4.826981074869109989e+01
-4.722098701462559944e+01
-4.828079103747651146e+01
-4.846552184071651226e+01
-4.793475860192546634e+01
-4.764769214026360800e+01
-4.689862629799265648e+01
-4.715401823242247303e+01
-4.960282711545349343e+01
-4.660597344545068665e+01
-4.747856278734970203e+01
-4.841695422776501090e+01
-4.770295699465539485e+01
-4.884681007503849770e+01
-4.909029356267747346e+01
-4.849626171654023210e+01
-4.932394832487251080e+01
-4.763905269969409773e+01
-4.919818271264656317e+01
-4.838730269962913866e+01
-4.798258133661747848e+01
-4.804692920047668991e+01
-4.841070882557719557e+01
-4.952526057900985990e+01
-4.854521464791205432e+01
-4.800080719039088706e+01
-4.813747769360851692e+01
-4.799044472503514669e+01
-4.682524763565018588e+01
-4.854901266354900713e+01
-4.778408953204382215e+01
-4.766609349322497025e+01
-4.951941237995333722e+01
-4.927792680924430613e+01
-4.805090983192501142e+01
-4.793476469644701154e+01
-4.726270433765964896e+01
-4.930644931179655543e+01
-4.831988596542210246e+01
-4.839730950289922617e+01
-4.917188393833131954e+01
-4.877635952301593392e+01
-4.749614473508109569e+01
-4.876428949164430549e+01
-4.831367397887627391e+01
-4.764851483126009413e+01
-4.824978016817693316e+01
-4.732993521569792250e+01
-4.903844854587590163e+01
-4.790341030871965700e+01
-4.829793938158994138e+01
-4.904282214697703068e+01
-4.696657894837192515e+01
-4.867420113324697439e+01
-4.816718377053949496e+01
-4.689998885137601548e+01
-4.905786717031336508e+01
-4.781326013760672566e+01
-4.866877859261543193e+01
-4.794580802658369834e+01
-4.909893006093961532e+01
-4.811664759962408766e+01
-4.776925515836875036e+01
-4.883373586736393435e+01
-4.930208782439436987e+01
-4.823536181298285896e+01
-4.856840767412474236e+01
-4.883227839278421101e+01
-4.825308957822321787e+01
-4.832016633732862232e+01
-4.889835905848207886e+01
-4.668282631269196514e+01
-4.801447355478887857e+01
-4.759819083647727211e+01
-4.849867113314991229e+01
-4.822870523749034533e+01
-4.849743030197067384e+01
-4.889558743816903785e+01
-4.830558494637261902e+01
-4.818604206057106154e+01
-4.756220537688237471e+01
-4.726633250718643353e+01
-4.931704376388268685e+01
-4.921012535972408841e+01
-4.897660860270934080e+01
-4.910262038246736438e+01
-4.872790307449074021e+01
-4.831018254506141574e+01
-4.818490028691253002e+01
-4.786039671501309556e+01
-4.719510944465107372e+01
-4.794167024954438006e+01
-4.803830747674079760e+01
-4.806571970953046247e+01
-4.816844264021847266e+01
-4.925046367902280053e+01
-4.901928419580985263e+01
-4.808383145853486695e+01
-4.715072469842351666e+01
-4.832163208461517456e+01
-4.772072098653144678e+01
-4.715735909476683219e+01
-4.682812530199807100e+01
-4.825696312448384617e+01
-4.831251796472765392e+01
-4.692452452436781130e+01
-4.696236270541281499e+01
-4.779085422844292452e+01
-4.924478979139597357e+01
-4.700200293569854892e+01
-4.858304423827802765e+01
-4.825087256282412795e+01
-4.753316879797651495e+01
-4.867343414252533051e+01
-4.798111342950958402e+01
-4.870140937396278247e+01
-4.918001650686156978e+01
-4.867339890111291112e+01
-4.860372890436920557e+01
-4.791028419894143298e+01
-4.789811578357911515e+01
-4.800429054254581729e+01
-4.852698111817250037e+01
-4.716252292895241993e+01
-4.776672177944661257e+01
-4.805706725766343368e+01
-4.777837040549869840e+01
-4.842661910707530382e+01
-4.839856081833605828e+01
-4.930692584479950824e+01
-4.793195948828626030e+01
-4.903683121252673516e+01
-4.768656716598793821e+01
-4.833796666750298954e+01
-4.797390691586206657e+01
-4.923173823120669823e+01
-4.816873563787770252e+01
-4.849724977305791640e+01
-4.780638836440754602e+01
-4.847917925361558389e+01
-4.721454048062433628e+01
-4.876242821908000735e+01
-4.805221298156327947e+01
-4.678055608907521190e+01
-4.790258480032692034e+01
-4.777798165784471962e+01
-4.851777367098841864e+01
-4.897162937562561069e+01
-4.896110354597558256e+01
-4.761305093052955328e+01
-4.884887452446834999e+01
-4.740037273062691980e+01
-4.872923954463803398e+01
-4.839272340623566748e+01
-4.845823594843820104e+01
-4.798397809163712679e+01
-4.810967504219267710e+01
-4.831440547124057616e+01
-4.740866834651130546e+01
-4.823795815572297130e+01
-4.871421243840296711e+01
-4.782744298069196276e+01
-4.816267358046793845e+01
-4.849330162589691895e+01
-4.920895534553686446e+01
-4.812729443087783920e+01
-4.949405540680695736e+01
-4.986870696938851211e+01
-4.847615736235336215e+01
-4.940843442063388125e+01
-4.812274546069753711e+01
-4.832561666501901243e+01
-4.735804362281616164e+01
-4.787983841543356789e+01
-4.847948173189654852e+01
-4.876198152803306840e+01
-4.781796770759448378e+01
-4.826184816966431868e+01
-4.898781562177394022e+01
-4.816994555884355123e+01
-4.787318890417045480e+01
-4.726938771921463456e+01
-4.879997926268325870e+01
-4.703842505510096572e+01
-4.801984882297240631e+01
-4.788758835371546496e+01
-4.766893411907882694e+01
-4.635718117920897186e+01
-4.780417373709292406e+01
-4.878609409755522108e+01
-4.761507021406079332e+01
-4.878515845352131208e+01
-4.881933756125346235e+01
-4.756194082222836528e+01
-4.614501238179368414e+01
-4.766279120740357911e+01
-4.785011685055570752e+01
-4.800464598562825103e+01
-4.801252325615036654e+01
-4.739237275777831115e+01
-4.765130013784449403e+01
-4.825095298770612828e+01
-4.768885500194443239e+01
-4.752986829871686325e+01
-4.811833945565314252e+01
-4.620300855349186975e+01
-4.824214944618322676e+01
-4.855670098113034072e+01
-4.712137334507483644e+01
-4.736070602511674110e+01
-4.855978327336707423e+01
-4.852001736700218970e+01
-4.732861499350445911e+01
-4.848013314138088248e+01
-4.801082448058117791e+01
-4.880328047963120497e+01
-4.865102871996118949e+01
-4.820628999816455718e+01
-4.920715398597665313e+01
-4.897117347004051169e+01
-4.721033106370762056e+01
-4.861776709920418682e+01
-4.667415276632551979e+01
-4.846521689143259692e+01
-4.652734961914046607e+01
-4.799054199462127457e+01
-4.802786781499342084e+01
-4.900449890371612582e+01
-4.873609244997580703e+01
-4.872760689260768885e+01
-4.904001527184390596e+01
-4.707906560426644660e+01
-4.830104398393103082e+01
-4.815818089859826756e+01
-4.895631906577208525e+01
-4.844932293217898689e+01
-4.888874816106615384e+01
-4.758782989377881023e+01
-4.862346164939305737e+01
-4.907313770757859572e+01
-4.942167811775344433e+01
-4.801336622090490636e+01
-4.845397747861995441e+01
-4.822245849522663974e+01
-4.911377018586446752e+01
-4.891386680617707583e+01
-4.895729044269520358e+01
-4.857570182097907008e+01
-4.799950099524952662e+01
-4.793628198464944035e+01
-4.828994552375184668e+01
-4.815635882198603213e+01
-4.755764453444983531e+01
-4.946864649572188455e+01
-4.864069509446927952e+01
-4.858787759683749385e+01
-4.957929037073812850e+01
-4.848557950587364473e+01
-4.691396358218587181e+01
-4.743986281381073411e+01
-4.841868269151115101e+01
-4.995489671306244617e+01
-4.790445099659653039e+01
-4.742251223876917976e+01
-4.823047626734298632e+01
-4.788455401561598990e+01
-4.747984999916234017e+01
-4.960111263607776522e+01
-4.807334278964597729e+01
-4.886600232825252021e+01
-4.779481899443743487e+01
-4.712685847120937410e+01
-4.889052911690579606e+01
-4.682618944367804659e+01
-4.719447179914084245e+01
-4.807997681263046985e+01
-4.818461107103110663e+01
-4.776551623036840510e+01
-4.685625691084322852e+01
-4.956658824110432704e+01
-4.922148601406405533e+01
-4.874438415389914780e+01
-4.848133358922653002e+01
-4.716270488377296743e+01
-4.842589915931210953e+01
-4.777427532106379005e+01
-4.833846135606059846e+01
-4.695878042677265540e+01
-4.677084181884674052e+01
-4.940895588809436845e+01
-4.767771109965929099e+01
-4.889952876085656897e+01
-4.879983750200428716e+01
-4.901531288714272705e+01
-4.846019825947399084e+01
-4.891136465470697914e+01
-4.750958773067278429e+01
-4.711741292407283055e+01
-4.926009105165969260e+01
-4.860639503500716074e+01
-4.877190872075369299e+01
-4.788652041963757711e+01
-4.915082917568339838e+01
-4.911692424223741682e+01
-4.718584586784982093e+01
-4.710268992204996152e+01
-4.908289857104204401e+01
-4.788161307270056710e+01
-4.815684086664433039e+01
-4.844477764519353968e+01
-4.899581911632845532e+01
-4.797017302867907063e+01
-4.837021637973969490e+01
-4.851064826546289055e+01
-4.815367666900244359e+01
-5.043587053618984584e+01
-4.807841969253466630e+01
-4.746992592096653141e+01
-4.904359770368657223e+01
-4.845093783926597553e+01
-4.818401982785745474e+01
-4.828247643466815475e+01
-4.831351011118270833e+01
-4.850316870366129507e+01
-4.770366767152251697e+01
-4.687257880017718037e+01
-4.862053711193636474e+01
-4.758849809549577259e+01
-4.757545547879564651e+01
-4.744851338744145863e+01
-4.704466630212635891e+01
-4.815893978244098150e+01
-4.844777462386628741e+01
-4.844134635751652951e+01
-4.898177312265832484e+01
-4.783064049057099965e+01
-4.899795310629873057e+01
-4.822598193798782518e+01
-4.814384991313378492e+01
-4.556716381431183294e+01
-4.824460310505482852e+01
-4.858457171257006024e+01
-4.912381211812278536e+01
-4.836821718746867305e+01
-4.937460885337302585e+01
-4.897273406300077880e+01
-4.824302998618918537e+01
-4.699570384858631655e+01
-4.795242720519850366e+01
-4.928049297549020480e+01
-4.843765141507499550e+01
-4.784706606953878349e+01
-4.842878312068016555e+01
-4.772339919491738414e+01
-5.018121199020031753e+01
-4.831745844613465124e+01
-4.845455001962719876e+01
-4.883152976946811918e+01
-4.824798597239944087e+01
-4.787529303445031559e+01
-4.881874197744969024e+01
-4.781977191604886457e+01
-4.774676146816509004e+01
-4.745559301665429075e+01
-4.760777824417251480e+01
-4.868203077562920100e+01
-4.918754562409289832e+01
-4.840002640706233450e+01
-4.821573337973178752e+01
-4.701816563889225620e+01
-4.939787192257296766e+01
-4.892119787302149092e+01
-4.784891075078750333e+01
-4.732444640632024857e+01
-4.900223959330619294e+01
-4.893606775742770765e+01
-4.895471898192447213e+01
-4.771041513973453618e+01
-4.733528835774358612e+01
-4.828838863042274454e+01
-4.746027367206380632e+01
-4.757890957478593918e+01
-4.803742504349721543e+01
-4.852883572285517033e+01
-4.827777712728734372e+01
-4.882136872038955744e+01
-4.926729370406663833e+01
-4.837386774261408107e+01
-4.834899885957040055e+01
-4.896682157224574894e+01
-4.700975130872906504e+01
-4.855731924514362419e+01
-4.862615286497268130e+01
-4.893987076653442614e+01
-4.938806288067204520e+01
-4.891239943159497727e+01
-4.789032629753312165e+01
-4.853234095551633942e+01
-4.814292727303944019e+01
-4.776178697684933638e+01
-4.836809589862086511e+01
-4.955023365591827655e+01
-5.014647121299103816e+01
-4.781584769062392581e+01
-4.878904001854718331e+01
-4.825430697689412085e+01
-4.782801605641817844e+01
-4.739330133988064375e+01
-4.769122375452123208e+01
-4.717144653730825610e+01
-4.893747055532035262e+01
-4.894682098003882231e+01
-4.832441083868499021e+01
-4.952872699233862619e+01
-4.868373968092066661e+01
-4.778681440331599362e+01
-4.863419456262285934e+01
-4.882166334667748941e+01
-4.749499989161520119e+01
-4.866003719389685500e+01
-5.042464431498684263e+01
-4.824382161933030488e+01
-4.755412874451413074e+01
-4.890235643553657496e+01
-4.803034566235940872e+01
-4.888084048258554049e+01
-4.890156493109137159e+01
-4.833301426433850168e+01
-4.855805575828926379e+01
-4.885204928168129612e+01
-4.911261277375520962e+01
-4.987761239364890287e+01
-4.801741936149898748e+01
-4.751540948713103063e+01
-4.843012038715343692e+01
-4.809595648444774696e+01
-4.973074368218095032e+01
-4.843326590207956173e+01
-4.971074343332567480e+01
-4.809030074648813979e+01
-4.799802266379126792e+01
-4.891141421669365741e+01
-4.982154595251066098e+01
-4.780658362114573379e+01
-4.907796585520013366e+01
-4.823104697028337995e+01
-4.813516744207461784e+01
-4.635664306332077444e+01
-4.631178935262272489e+01
-4.791166252911729373e+01
-4.836247257654819975e+01
-4.737402356373166157e+01
-4.728208243357863694e+01
-4.879467447024472904e+01
-4.848219673922728390e+01
-4.623919509969073260e+01
-4.919909489045555517e+01
-4.762085994766220409e+01
-4.809602580664567029e+01
-4.635959621933630359e+01
-4.821850824099037425e+01
-4.892267019783454174e+01
-4.894773935946395227e+01
-4.797422363593628347e+01
-4.577917145875331073e+01
-4.721812841829483887e+01
-4.926358626518771899e+01
-4.833654558050290717e+01
-4.897734485180242103e+01
-4.794395775895744549e+01
-4.746180207551031316e+01
-4.926079558737496455e+01
-4.901963950843942541e+01
-4.715217906977775897e+01
-4.865555030713384355e+01
1.752876897856341429e+03
3.519887400523708038e+03
2.755877149916710096e+03
3.000353895889333216e+03
2.793192297689038242e+03
2.900504613898578100e+03
2.553712340024143941e+03
1.895230359142408133e+03
1.869881743651557827e+03
2.070935573428635507e+03
1.943015433868662285e+03
1.851405996523500335e+03
1.979704284401437917e+03
2.030763611211593570e+03
1.977452271491000602e+03
1.986057051812595546e+03
1.961487165777728023e+03
1.843648922008525460e+03
1.975613034865554937e+03
1.795660839427084966e+03
1.801951820805824127e+03
1.611652373627439829e+03
9.822160488089159571e+02
9.100029871250915221e+02
7.862154233960546890e+02
8.407677656578712231e+02
9.826140570956036981e+02
8.412860381013130109e+02
6.282377606443890272e+02
8.477583217818888670e+02
9.152954099318654926e+02
8.433281166546319128e+02
8.206465004366427820e+02
7.805302577443737846e+02
3.851459661178047895e+02
7.266993011898641726e+02
6.676795653623486260e+02
6.526511324592830761e+02
4.875187208868752577e+02
6.235190351963932471e+02
6.770312779681806887e+02
5.248470016451408355e+02
5.790089371041664208e+02
6.781802897704957331e+02
3.499985769213615185e+02
6.975893415469083720e+02
5.519896852233972595e+02
5.538084566327707989e+02
3.396285765384558317e+02
6.331042199920946132e+02
4.463316202326112148e+02
1.013338254925371984e+03
7.187056425486533726e+02
5.536449319850676147e+02
5.578019928975360244e+02
7.906608675106721194e+02
8.841022385671926713e+02
9.236277252975619376e+02
1.157799777959730136e+03
9.548247631213536124e+02
1.078628349037953512e+03
1.197385458767106229e+03
1.080822430330267935e+03
1.405311629588759615e+03
1.362608076480843692e+03
1.033832884660639593e+03
1.279656284251464967e+03
1.198466004161448609e+03
1.145670725676210168e+03
1.212934753230045317e+03
1.706900387898481085e+03
1.426819240479328073e+03
1.492520294789898799e+03
1.326625935078928705e+03
1.306498740471374049e+03
1.551012683370785226e+03
1.659584737895292619e+03
1.474145758918836918e+03
1.456118352927978094e+03
1.272519821042861849e+03
1.023415338384155916e+03
1.073686048185107893e+03
1.610675535911331053e+03
1.655815385196413217e+03
1.699133069199950796e+03
1.323993409132313900e+03
1.413780154258597122e+03
1.886333089821266185e+03
1.724716017212335146e+03
1.453274025486859273e+03
1.909612654332067450e+03
1.931678837424709400e+03
1.728000741571844856e+03
2.422956630776011480e+03
2.189027739848307192e+03
1.886108593784999812e+03
2.125988847953487038e+03
1.848585322139743084e+03
1.747402313058172012e+03
1.818949063104771767e+03
2.089122870936356776e+03
2.155276795139690421e+03
2.164755883951733722e+03
2.012145439564013259e+03
2.043908110514576492e+03
1.879303125947256376e+03
1.917314448204463588e+03
1.500802405942653877e+03
1.936822071466888019e+03
1.866086005964469223e+03
2.175934018384132742e+03
1.865264490017825892e+03
2.221390795286899447e+03
1.757991950517414352e+03
1.782121400213491370e+03
2.087647257193626956e+03
2.281855317770757665e+03
2.229213269255486921e+03
2.038651057732786512e+03
1.962099844631403585e+03
1.738665598881539836e+03
1.413132749664702260e+03
1.072494758867763267e+03
1.115660928007399207e+03
5.062545420530991009e+02
-2.296671171243737319e+01
-2.740881750327143962e+01
3.728476254177748217e+01
3.663154679620692633e+01
7.149916297718040141e+02
6.763040907242235562e+02
1.107763332216782374e+03
9.673103986383624715e+02
1.092820271067459316e+03
8.144458103771158903e+02
9.966397023766602388e+02
9.044807886373134806e+02
6.720143200805391643e+02
5.787394285564713527e+02
1.119920606512456970e+03
1.387989578554253285e+03
1.326959816656676594e+03
2.565767269914798021e+02
-2.892123221376628806e+01
-2.283075797378463534e+01
-2.726503804810453246e+01
5.117988594114331136e+01
8.042025102225835553e+01
4.731756683312942187e+02
5.223929864996639481e+02
1.514166458187688704e+02
2.056991576869346829e+02
3.353220272170262319e+02
3.054359976465819955e+02
1.944963769928219506e+02
2.121908106307420780e+02
3.488476864297263660e+02
2.184289314387914374e+02
1.319294174646441604e+02
1.422436094293913698e+02
1.660540311850285491e+02
9.165294240135092707e+01
4.250206899241832730e+02
8.340377277949226027e+02
1.034003182358103686e+03
1.082893741602015552e+03
1.446724159608739683e+03
1.124368727841351074e+03
1.331920963618776113e+03
1.603443665005684352e+03
1.878684359759445442e+03
1.517417283770586437e+03
1.275772001218133482e+03
1.429232757608427391e+03
8.631274776416483974e+02
1.045982250525504924e+03
1.007484733690869461e+03
8.374416566537647668e+02
8.457977320413855296e+02
8.471588240200464952e+02
5.699222237475610200e+02
1.122517230850010037e+03
1.670747067033179974e+03
1.732853738267706149e+03
1.907872453882010177e+03
1.837669631244362790e+03
2.014088173603025552e+03
1.739014932197693952e+03
1.466267267909350039e+03
1.668554311525386083e+03
1.938563183592493488e+03
1.801668229212286178e+03
1.940078455925421849e+03
1.891118020896550433e+03
1.928151194472917496e+03
1.893484376882965080e+03
1.874449690466334687e+03
1.651440230691158376e+03
2.005557143732112536e+03
1.727436742379158886e+03
1.836867463969464325e+03
1.411915754068863407e+03
1.252830433297985337e+03
1.704399526328475076e+03
1.219307038509153926e+03
1.121047961072342787e+03
1.610118933410654790e+03
8.229493650247852656e+02
1.195986537987334714e+03
7.557200571440694148e+02
1.026844504847347253e+03
1.160465166003805734e+03
1.306442466225420503e+03
9.406841517460001114e+02
9.671322679877835071e+02
1.330453737280625546e+03
1.240474418244199796e+03
1.455877369864992261e+03
1.222164613873229200e+03
9.747211759316105599e+02
1.029962393912376001e+03
7.247978595170829976e+02
7.481447923734838241e+02
6.627033182980019319e+02
2.943788819106353571e+02
4.590927549125180462e+02
2.363354487620271129e+02
2.586495111687148096e+02
1.954891402874836217e+02
5.748619955316014511e+02
7.787561125458111064e+02
8.130810284514458317e+02
1.090290337150766618e+03
1.207667990938490675e+03
1.234390245138699129e+03
1.245016040913815687e+03
1.318322667903878710e+03
1.251543285192329904e+03
1.404444604840050033e+03
1.574457576880061652e+03
1.336989187106414420e+03
1.235701523937736738e+03
1.716720365759973220e+03
1.829759441676010056e+03
1.616183779140377737e+03
1.517520925118189098e+03
1.360121680386500884e+03
1.419878454799889141e+03
1.257595168803304432e+03
1.161225779835829826e+03
7.802894705085884652e+02
1.013257123834461595e+03
6.407695032026848594e+02
8.974723196155484857e+02
7.271467959160202099e+02
8.685565966791942856e+02
7.190949791739336661e+02
4.554251691392332191e+02
7.257257082489365985e+02
5.226862115193815725e+02
4.380739180866840456e+02
3.601491104871033144e+02
8.150857426595879360e+02
5.942401875044988628e+02
9.126244663171321463e+02
5.429630060279509962e+02
6.372403229042960220e+02
3.670893003064260824e+02
3.459584621363559904e+02
6.189322279271262914e+02
4.184857966540171219e+02
6.728726971820154859e+02
7.875136326859797009e+02
6.906624131931453121e+02
7.650376319681477071e+02
7.057907661035072806e+02
4.187994020053529880e+02
1.070532183399540145e+03
1.047235297532796494e+03
1.020873573244378917e+03
1.182630271857623711e+03
6.871536480977894144e+02
7.484518843023116688e+02
9.572428553933447120e+02
8.164227115733559685e+02
7.105881784641526338e+02
4.876306999980603223e+02
8.588695496040925264e+02
6.842661995676454580e+02
8.415069704762386209e+02
5.472926301738982602e+02
5.393224046604035493e+02
5.511474021557021388e+02
5.317593100790677454e+02
8.338894266502346682e+02
6.506450558435280982e+02
4.369749420191280365e+02
5.544592524915120748e+02
1.170702678783542069e+03
9.659272680110251486e+02
9.215023274030381799e+02
8.774585116173892629e+02
7.858373171243896422e+02
8.248988471685119066e+02
7.960987514518820944e+02
5.671147573515668228e+02
9.253129846733678505e+02
7.230740817907985729e+02
5.939254888815712548e+02
4.649020147708762920e+02
4.516936779009950556e+02
3.834376009598099699e+02
7.311430190148894326e+02
5.941942381031183231e+02
2.648045512286985854e+02
2.468242667809114721e+02
3.740071321848079720e+02
3.760176287819812160e+02
2.905759362495836058e+02
3.394413069742019502e+02
5.698696466337755737e+02
7.708190558096318910e+02
8.141769726376096514e+02
6.653670409751000534e+02
6.197599528582059065e+02
5.413850091947663259e+02
4.908227077526626658e+02
1.285550138398593276e+02
6.436736999888731816e+02
3.784772434069067231e+02
2.439911391243180390e+02
8.476879655926655914e+02
5.502998999796980115e+02
5.616783337238305194e+02
4.635741280891268161e+02
9.421795542403220907e+02
5.700142635124650496e+02
6.911316629470863973e+02
6.819030794715438333e+02
6.365383634971657330e+02
1.895184996954549490e+02
1.096290817582001864e+02
1.226498675587820628e+02
3.142973541711352823e+02
6.035114412770274157e+02
5.634340626205479339e+02
5.462522551978805723e+02
5.100543592502057777e+02
6.538959162249572046e+02
3.990771683484020400e+02
5.751306605124055977e+02
6.981242901065357955e+02
5.573905267510658632e+02
8.247098245414472331e+02
6.504975882079022540e+02
2.497198641663243563e+02
9.769706340264048094e+02
1.150085265167722810e+03
1.489806626689008453e+03
1.668846681682896815e+03
1.873758410831737820e+03
1.598059095760247828e+03
2.025783355184421907e+03
2.320730364539082530e+03
2.068259492883586518e+03
2.039186034608675754e+03
1.777314926212156251e+03
1.779711013849451092e+03
1.485353050806732426e+03
1.478313398799361721e+03
8.719888491171450369e+02
5.356594590997167415e+02
9.780213851552948654e+02
7.148326482294322659e+02
1.088052353958126332e+03
7.167852081502657029e+02
7.332289352423520086e+02
5.672605667188103098e+02
3.036706368851062052e+02
-9.201634742355187413e+00
1.715419805832214806e+01
-8.022349441921770019e-01
1.723937531565899306e+01
1.268199082412573802e+02
1.797110096644581461e+02
2.374475962834792142e+02
4.088350579849190467e+02
1.076644920341903244e+01
-9.371373130550995967e+00
-1.395393605044957042e+01
-1.674988748163885788e+01
-9.379656380599804777e+00
-1.763743522119012042e+01
-1.318348485710732909e+01
-1.057974694773169588e+01
-6.490994437373858617e+00
-2.740970768153160986e+00
-6.386335119603425703e+00
-1.392741852802298652e+01
-2.676549966858210183e+01
7.017035331584389724e+01
-1.736314476517223326e+01
-2.287471798074560780e+01
-4.349462996739825726e+00
-4.110473185740585400e+00
-1.596375990347934426e+00
-5.406975872986696796e-01
-1.108451074121001634e+00
-1.188884153779667274e+00
-2.303926948041204348e+00
-1.890060339352742957e+01
-1.930739512107731093e+00
6.894318190111120259e+01
5.409130883369409730e+02
8.597848548802422783e+02
1.028730861389839220e+03
8.449772003712517972e+02
4.245173865699254065e+02
-1.522100148994853086e+01
-3.307859837197662523e-01
-3.741222919616791348e-02
-8.122452539698388208e-01
-1.097248404598219151e+00
-1.623886100289487544e+00
-1.894301683663288216e+01
-3.262324519180721527e+00
-1.188790071362750389e+00
-1.425791977875106475e+00
-4.474606452934131617e+00
-2.726310880397127789e+01
-6.096448651729706292e+00
8.924663421666522822e+00
-3.170580677896702326e+01
-2.135555719480547765e+01
-1.048588840826932334e+01
-1.702989181926410467e+01
-2.046429887179774099e+01
-1.588184427378730890e+00
3.703238681867395599e+02
4.890895264043280122e+01
2.625238043171242452e+01
6.627559266611966393e+01
-3.000116529087024020e+01
-5.526658409601040489e+00
-6.380995705573043963e+00
-1.705869711645002340e+01
-1.138324575715703624e+01
-3.853274405475475817e+01
-3.785248975901365753e+01
-1.744910987337915387e+01
-8.678009969215137787e+00
-3.756644893558902254e+01
-1.389825473406619949e+01
-3.825328323718120771e+01
-4.169579128522542533e+01
-3.305550095365822472e+01
-2.893509106825231214e+01
-3.083998553520766350e+01
-4.317606674835222691e+01
-3.613001376309553336e+01
-3.858994035565587666e+01
-2.349156964174508744e+01
-1.972073940036637296e+01
-1.305303896583247614e+01
-3.459219038991264483e+01
-3.167492949102441813e+01
-3.060456893432134962e+01
-3.686971476950878923e+01
-3.227125687767041740e+01
-2.103770760890235536e+01
-3.871877202811948138e+01
-1.123870266177711663e+01
1.462081494465643061e+02
2.380047230969888403e+02
3.883345343577827293e+02
-3.468256888991709275e+01
-4.396084289129927214e+00
-1.053273429302963970e+00
-2.120657026487558827e+00
-8.786543899796994239e+00
-3.836251727340783901e+01
-3.251260064386701742e+01
-3.870746626420229575e+01
-3.902386931502170597e+01
-2.545367743256296222e+01
-1.524218719283760848e+01
-2.789110063504348247e+01
-3.951347360214895588e+01
3.427492135409710539e+00
-3.951398765871876861e+01
-3.847091297403209609e+01
-3.527191699989603535e+01
-2.826092931746575587e+01
-2.737645769670682228e+01
-4.015303133902872901e+01
-1.234139502740705474e+01
-2.401926977502697369e+01
-2.404633445219494803e+01
-3.097258343543007086e+01
-4.209725024276900740e+01
-3.439566627237091012e+01
-2.967769810855496715e+01
-3.209662913703086673e+01
-3.931662590549171199e+01
-3.936841210556514881e+01
-4.050667767307066214e+01
-3.363207788603357784e+01
-2.990437068191773662e+01
-3.366935396254028490e+01
-1.410460477120353495e+01
-1.152265669343705135e+01
7.800596081422980888e+00
1.698395284784401440e+02
2.936610157549953328e+02
3.882064275851214461e+02
3.942622273596479090e+02
3.898023711048643349e+02
1.939536239294466213e+01
1.766336622841902795e+02
3.497682845673347174e+02
2.523791373581374842e+02
1.327727479303156066e+01
-2.711500202121285596e+01
-3.156998089309560740e+01
-1.959614713833773791e+01
-3.075685802076134223e+01
1.687341742644186979e+02
1.079968467556045368e+02
-1.386357204820325872e+00
-1.143151527445480653e+01
-3.162012095892735175e+01
-2.945042114381711329e+01
8.209568828500447069e+01
2.128540956155637787e+02
5.182199747904390961e+02
4.496139599152215851e+02
7.683684373082262482e+02
3.392639374771854364e+02
1.029626901248423337e+03
4.882132516340382153e+02
1.108329170558249871e+03
1.620080088338414726e+03
1.544274234978262029e+03
1.544863217207260959e+03
1.230642291082864404e+03
1.101137562796749762e+03
1.186643277622733876e+03
1.238978166817091051e+03
9.091866961757867784e+02
4.888216749308068074e+02
9.273328572066932338e+02
8.097111517666787677e+02
5.510978063646330156e+02
4.514395006895649658e+02
4.865590206143605201e+02
1.136977968773888108e+02
5.530525651608293174e+02
3.147426741439778084e+02
2.887582103477441819e+02
1.040088769056715591e+03
1.047714164534825386e+03
1.435673334223904931e+03
1.624614994628066597e+03
2.093040641874948051e+03
2.194403383922709509e+03
2.171496227863573040e+03
1.999374024295458639e+03
1.503321884507703544e+03
1.181253938412811067e+03
1.544993125810309721e+03
1.189019078208382780e+03
8.186305568611419403e+02
6.720664097823940892e+02
5.613280483722971894e+02
4.091265389972033404e+02
1.371122944511591015e+02
3.168580256423309720e+02
2.867111603721484698e+02
3.383210507317397742e+01
4.669165998061956913e+01
3.182906887586167954e+01
1.535513267742848313e+02
4.631316770546483212e+02
7.569783882976255427e+02
8.066873146495713627e+02
4.358246819016783320e+02
1.558034863372300194e+01
1.401993680618809321e+02
1.351917972243861321e+01
-3.285816661815024986e+01
-2.948171129487474573e+01
-2.100540924635185291e+01
-2.376603265466948045e+01
-1.408222522732596360e+01
-2.796387937236350041e+01
-7.080958732055671945e+00
-3.011072207777489851e+00
-2.427499792221842867e+01
-2.320860234995896221e+01
-3.960494866716934848e+00
-6.683686567556311964e+00
-1.291296876528985216e+01
-1.324809434605055536e+01
-7.367259993732464096e+00
-7.848058688764242063e+00
-2.323775278810014111e+00
-5.037270318925168411e+00
-2.783306710358687397e+01
-3.382307905403411752e+01
-2.138313789846355917e+01
-1.486535090619401700e+01
-2.528930018518862965e+01
-1.452450556178361829e+01
-7.745434131554270074e+00
-1.171208339559997214e+01
-1.999301930207587574e+01
-1.020100829637520157e+01
-2.458612978980775132e+00
-1.273886367253367524e+01
-1.435528711375276600e+01
-1.455803824485079723e+01
-1.333857990893562651e+01
-2.560908900627794527e+00
-7.641746216186313667e-01
-1.000398915250270804e+00
-1.603126110122472969e+00
-3.782933752012842543e+00
-5.117590118532220345e+00
-6.953544137213520493e+00
-4.012784278476574151e+00
-6.963962486255815598e+00
-2.823350269002984358e+00
-4.361660087485806692e+00
-6.540023448181213617e+00
-3.650956613220345481e+00
-5.231372832069087053e+01
-4.973866467467930619e+01
-5.001099397876963337e+01
-4.924878001899622149e+01
-5.178836620523188117e+01
-4.936344438616550434e+01
-4.893081190979733464e+01
-4.906235966970061213e+01
-4.797167834644509554e+01
-4.829651667475628329e+01
-5.139557861957460005e+01
-4.903388430983248725e+01
-4.950892356687904794e+01
-4.832301769325746932e+01
-5.107388049125749063e+01
-5.148541266083121570e+01
-4.895715646401227872e+01
-4.795557430586947589e+01
-4.898359751436966292e+01
-4.796463017141043395e+01
-4.858859486154049279e+01
-4.812024535892800259e+01
-4.749934313849017542e+01
-4.715659535836194038e+01
-4.878475067718923697e+01
-4.714477581616696966e+01
-4.782288212815565487e+01
-4.938469818986920501e+01
-4.776101763996539518e+01
-4.720630834189883274e+01
-4.863192128011696269e+01
-4.910296458085905869e+01
-4.872420468205817912e+01
-4.716587331705693487e+01
-4.951112937113114754e+01
-4.764742760568252322e+01
-4.734834309751681047e+01
-4.957900051700164568e+01
-4.726398300174786726e+01
-4.779788685125733849e+01
-4.883328603569253801e+01
-4.823617888464040959e+01
-5.030109780016194776e+01
-4.659506345086941081e+01
-4.670521219343140729e+01
-4.613992639166603738e+01
-4.813916948998084422e+01
-4.933805425993430305e+01
-4.954653027676538102e+01
