-4.702640394759597342e+01
-4.845376547385034627e+01
-4.791494788898325652e+01
-4.802405520115688375e+01
-4.815966856274453534e+01
-4.884084042520583324e+01
-4.777999332658168896e+01
-4.773797728761972792e+01
-4.779488484693114714e+01
-4.684655294348635124e+01
-4.846444298206958479e+01
-4.815187526330861090e+01
-4.907710092672410696e+01
-4.961283502563070158e+01
-4.790298098983855368e+01
-4.811646387006455683e+01
-4.895381679398051489e+01
-4.888768378858255659e+01
-4.889994737646225786e+01
-4.910463120658552327e+01
-4.861310070581079401e+01
-4.759418808421104075e+01
-4.889769444475700766e+01
-4.890803240392379792e+01
-4.824309094151712429e+01
-4.874998625673163133e+01
-4.780764682336573657e+01
-4.800347242321132768e+01
-4.853911859532606599e+01
-4.938942455312871971e+01
-4.831216807176082284e+01
-4.961094282013054624e+01
-4.752764130023031441e+01
-4.789027843591418332e+01
-4.748528636587930407e+01
-4.885514749773333421e+01
-4.987142842239445173e+01
-4.911259163500342595e+01
-4.886899361114716811e+01
-4.879037302896288253e+01
-4.845438321722313901e+01
-4.840720976426619870e+01
-4.753597686574268266e+01
-4.868112231102819010e+01
-4.888723524881356042e+01
-4.837171635592287089e+01
-4.859872238884890550e+01
-4.865763290665438490e+01
-4.860823138011951983e+01
-4.777332675172164755e+01
-4.769504635528326730e+01
-4.780528384514243356e+01
-4.859641431461651706e+01
-4.801206171313249627e+01
-4.742420781044344835e+01
-4.813629026334400862e+01
-4.765125451931734091e+01
-4.867071521874653683e+01
-4.778128653006295679e+01
-4.832810084548277985e+01
-4.975182508651852942e+01
-4.946776457402636140e+01
-4.868406550890171047e+01
-4.839338129204950434e+01
-4.862576688728082530e+01
-4.819318180085224412e+01
-4.985858222340471713e+01
-4.895358276813892218e+01
-4.918524358528405571e+01
-4.780104411003618026e+01
-4.901269050246093428e+01
-4.881145314154268533e+01
-4.918023433553089774e+01
-4.906308368989320456e+01
-4.866934620746589957e+01
-4.874746064213582741e+01
-4.923753942377457804e+01
-4.828915733954084999e+01
-4.756221050224391433e+01
-4.908221206100512291e+01
-4.828904503022805983e+01
-4.868937267126617030e+01
-4.892157932811696952e+01
-4.655263134098478162e+01
-4.884610323554011302e+01
-4.734270930434139046e+01
-4.779806860985237194e+01
-4.809066396992721337e+01
-4.817175120024445789e+01
-4.839283467954720663e+01
-4.668653197212195494e+01
-4.872505151715385807e+01
-4.853077398427665656e+01
-4.831498312781300797e+01
-4.918884793635653807e+01
-4.752936542513432272e+01
-4.870568917623904781e+01
-4.832518608909188629e+01
-4.914534848804911604e+01
-4.878952223851722891e+01
-4.832335990882378240e+01
-4.729034455141426463e+01
-4.844102292297525025e+01
-4.694682476199180599e+01
-4.938621823293762247e+01
-4.824301007248826068e+01
-4.799166213508097201e+01
-4.713545856121641719e+01
-4.690965488648195958e+01
-4.732881327333323185e+01
-4.768383722563483218e+01
-4.900168467681645268e+01
-4.783810571448393034e+01
-4.693772078854691898e+01
-4.888737121317844725e+01
-4.885703015687375483e+01
-4.826443489292785216e+01
-4.864117705241778111e+01
-4.872728157488377576e+01
-4.905814825613091301e+01
-4.926931725137869478e+01
-4.717797917942922936e+01
-4.845182359479665735e+01
-4.703775514317586470e+01
-4.717035558583937416e+01
-4.784776194887149359e+01
-4.873043725014366601e+01
-4.776125389039783897e+01
-4.750872090027360883e+01
-4.861272407274243079e+01
-4.898204233071840008e+01
-4.947492498125374993e+01
-4.890485255319449465e+01
-4.769555254981090542e+01
-4.756081231658995989e+01
-4.712735260913571267e+01
-4.893658258406598094e+01
-4.854525128945186907e+01
-4.727286996239926964e+01
-4.835013162570020029e+01
-4.875666137171054970e+01
-4.848123514477583740e+01
-4.842969439359118411e+01
-4.822943946047923447e+01
-4.847430592641992320e+01
-4.802154168321467864e+01
-4.864634989938556231e+01
-4.735172660603249994e+01
-4.777626249433065198e+01
-4.754969666148504359e+01
-4.808111927610596581e+01
-4.896430867346963112e+01
-4.808441838152357661e+01
-4.947633100172166820e+01
-4.664036267761715493e+01
-4.908829994333255797e+01
-4.944043167875394573e+01
-4.832319234405259323e+01
-4.675473824929292732e+01
-4.859155229544379750e+01
-4.822938801889474547e+01
-4.779066689716006522e+01
-4.815346795986580020e+01
-4.941306237364204179e+01
-4.759791833519491888e+01
-4.762863045428338893e+01
-4.770466654415358221e+01
-4.788268152437667169e+01
-4.889000854913687988e+01
-4.791461414500782467e+01
-4.789748254684600681e+01
-4.932019607297333152e+01
-4.920359938389157861e+01
-4.901147835470212755e+01
-4.700638882738097379e+01
-4.811894753189098140e+01
-4.790014558376160636e+01
-4.918065418375820030e+01
-4.763490151175511755e+01
-4.720017411502287530e+01
-4.846460995173705300e+01
-4.864397485628202134e+01
-4.846189636789225830e+01
-4.815904923696520967e+01
-4.910977401578093549e+01
-4.837934610669098134e+01
-4.960177687454013551e+01
-4.888316687165684726e+01
-4.847577854046260626e+01
-4.790069285434886837e+01
-4.798128810557542323e+01
-4.764575278563825833e+01
-4.851625256807480469e+01
-4.758196766602479499e+01
-4.729102654406808881e+01
-4.939435696443533885e+01
-4.874419640576435597e+01
-4.836266170848762869e+01
-4.941708664504177762e+01
-4.725863944994079446e+01
-4.725255124756501601e+01
-4.720727655261122635e+01
-4.727940844228737660e+01
-4.711276794599318407e+01
-4.806847261749630462e+01
-4.803217530947937774e+01
-4.864192141926344704e+01
-4.862143702991667737e+01
-4.728823022065591175e+01
-4.828851703473232959e+01
-4.706700641420323450e+01
-4.732016283638002108e+01
-4.824945170704878450e+01
-4.836533081730571837e+01
-4.803311968711673785e+01
-4.843253083657780422e+01
-4.897997484597966888e+01
-4.744913981237372980e+01
-4.887713853739838754e+01
-4.870687791563275937e+01
-4.674020842780335272e+01
-4.775647876918407064e+01
-4.741804812702665828e+01
-4.824004086813814496e+01
-4.890046245806617975e+01
-4.868783668113189833e+01
-4.683396046654321054e+01
-4.944565429573545146e+01
-4.792744145968269009e+01
-4.872288654170080946e+01
-4.911074744511911661e+01
-4.782143346491952229e+01
-4.730487299799317213e+01
-4.839963433862690323e+01
-4.788372295175040705e+01
-4.770573656179352895e+01
-4.874143269020481739e+01
-4.811701135366696036e+01
-4.732430845980962175e+01
-4.748111910457419071e+01
-4.791726336704628153e+01
-4.814356098261117722e+01
-4.838856871243025637e+01
-4.765509850778409628e+01
-4.732461414045504711e+01
-4.778807861703228355e+01
-4.899845206540010878e+01
-4.927554543161377154e+01
-4.879537115696473393e+01
-4.776783239587477681e+01
-4.748894765023203490e+01
-4.733264689988556739e+01
-4.749211048123422785e+01
-4.854214604836275981e+01
-4.802979465054497155e+01
-4.758932533974724777e+01
-4.784539779690437200e+01
-4.713516247354687749e+01
-4.835242882167921863e+01
-4.864585977342631651e+01
-4.834089632258511671e+01
-4.781918234923401911e+01
-4.844651917111436035e+01
-4.854530102557642834e+01
-4.792974105550242570e+01
-4.789597572803793213e+01
-4.782449648946987963e+01
-4.940384983349755288e+01
-4.786488357108627412e+01
-4.893718578209043102e+01
-4.897360801156826682e+01
-4.837598300105663185e+01
-4.791083050663596055e+01
-4.752086598638376813e+01
-4.866826777375425905e+01
-4.888967541786763604e+01
-4.835857283468021706e+01
-4.764556209145737853e+01
-4.823083990979105806e+01
-4.781605399052952521e+01
-4.851764984375333967e+01
-4.881193950018051453e+01
-4.837870010253708841e+01
-4.872635153735801339e+01
-4.835319167282755615e+01
-4.683956802784894080e+01
-4.688341326347675420e+01
-4.831360375932207774e+01
-4.779824761783704190e+01
-4.769628429609713294e+01
-4.729388051575735119e+01
-4.978175972868915977e+01
-4.789186814414278359e+01
-4.881186966835321073e+01
-4.868782845483575983e+01
-4.850720133760797381e+01
-4.795655020724812090e+01
-4.866863732411844978e+01
-4.858049841219892784e+01
-4.881452349454586681e+01
-4.801721477501718027e+01
-4.805828597630140564e+01
-4.696673038241080889e+01
-4.715271081050443769e+01
-4.919851552360708524e+01
-4.768347131722708809e+01
-4.892070219685724197e+01
-4.798355476652686491e+01
-4.884918854325449189e+01
-4.896506637337891732e+01
-4.876881292473181873e+01
-4.821282473857669260e+01
-4.731652345749366617e+01
-4.831095770944001089e+01
-4.836524843324423983e+01
-4.980712761726500304e+01
-4.903386906696966463e+01
-4.988041454705475530e+01
-4.861138572064758989e+01
-4.667287698112048133e+01
-4.839943727434503273e+01
-4.725276142659684098e+01
-4.793709768872027865e+01
-4.833907849210041974e+01
-4.844451644325165773e+01
-4.739791964370078858e+01
-4.811307540212911960e+01
-4.925862155237443574e+01
-4.903053059138563441e+01
-4.832169329467704699e+01
-4.700974405291331948e+01
-4.928480752909579365e+01
-4.761809067648673732e+01
-4.822193293932895841e+01
-4.856001629997106050e+01
-4.879685362322486242e+01
-4.872425040045223454e+01
-4.889480452097181029e+01
-4.827196239468024430e+01
-4.855324579382693173e+01
-4.911036820492796551e+01
-4.853355352182143889e+01
-4.853585605108427359e+01
-4.693848092850308262e+01
-4.752523561623365822e+01
-4.854727822600005283e+01
-4.825628828903051470e+01
-4.921479125204076155e+01
-4.632249145276919222e+01
-4.864148407637593152e+01
-4.856803674970517903e+01
-4.659574516172048675e+01
-4.842808843687442533e+01
-4.796491466147607952e+01
-4.878706469079357788e+01
-4.690687301788467778e+01
-4.883607416384543853e+01
-4.809504368224182969e+01
-4.878190791317928898e+01
-4.881555835327154824e+01
-4.785108530543024585e+01
-4.851471650256400636e+01
-4.925201396992930825e+01
-4.760685946538438174e+01
-4.841371564296858310e+01
-4.891392405929981635e+01
-4.840317846267803503e+01
-4.862139035487339811e+01
-4.795748858649913160e+01
-4.914790928547753168e+01
-4.837574015495401625e+01
-4.854443408950576355e+01
-4.933374303478695566e+01
-4.760474841735919682e+01
-4.888346758777473866e+01
-4.753985060874453694e+01
-4.813166237030951322e+01
-4.824082339867533875e+01
-4.665814043885433904e+01
-4.889741138879040960e+01
-4.807939040381511830e+01
-4.787313103791056079e+01
-4.819707957070916393e+01
-4.803881933748705535e+01
-4.810699175815482675e+01
-4.810869132164584272e+01
-4.866572609453273657e+01
-4.903366116252094287e+01
-4.831449307544387750e+01
-4.883887873100202626e+01
-4.846493387559770838e+01
-4.888621426393745395e+01
-4.837849743595641883e+01
-4.810139213405692971e+01
-4.699189229098951159e+01
-4.851227847920251435e+01
-4.776083832988128108e+01
-4.886674249332040176e+01
-4.929577744259788830e+01
-4.807322155338211900e+01
-4.864219075554836280e+01
-4.823061165289615815e+01
-4.836829475908350418e+01
-4.761708590550323095e+01
-4.872955560140990627e+01
-4.772951899687648591e+01
-4.818459022642893075e+01
-4.790145404214683822e+01
-4.919888369810901452e+01
-4.757783486093049419e+01
-4.852430466834847067e+01
-4.723844092391901484e+01
-4.757476501425413318e+01
-4.896991420377693771e+01
-4.830342125026214717e+01
-4.781071961206782106e+01
-4.820281367226509417e+01
-4.795039223667563277e+01
-4.764265710143907029e+01
-4.946105878713881054e+01
-4.915773088308417016e+01
-4.906999846560646006e+01
-4.873768378179750727e+01
-4.819466876133845545e+01
-4.830776793534937497e+01
-4.826569840959419366e+01
-4.948291168124129769e+01
-4.699869553456544935e+01
-4.735368321289185900e+01
-4.810370631010140130e+01
-4.749938146138713790e+01
-4.898216829269934181e+01
-4.848147117632097292e+01
-4.829523138685308936e+01
-4.722253200204225010e+01
-4.935483527592555220e+01
-4.753989753029673437e+01
-4.829575770036422000e+01
-4.873290797272925090e+01
-4.804238663545789478e+01
-4.870311201639875520e+01
-4.760427554222624025e+01
-4.841940181832037382e+01
-4.897646303894273956e+01
-4.874966777832169385e+01
-4.996463430138413742e+01
-4.804361863899150364e+01
-4.822253914135804820e+01
-4.621517430890830980e+01
-4.874392208061340170e+01
-4.750018977438976719e+01
-4.850892457975844252e+01
-4.724052933190769465e+01
-4.743650091301132221e+01
-4.813775556508617370e+01
-4.827380371171838647e+01
-4.815352767217103747e+01
-4.809510894072303699e+01
-4.866937450639227336e+01
-4.798133188332507615e+01
-4.753091971968457585e+01
-4.791825068444047275e+01
-4.915219145117693955e+01
-4.802285281421303864e+01
-4.890979227264354989e+01
-4.706101306138529594e+01
-4.712094801030954727e+01
-4.701072523260397418e+01
-4.872200236820009422e+01
-4.802865905370080668e+01
-4.796182374223103295e+01
-4.818761424784235459e+01
-4.750807030280829224e+01
-4.786728315092459951e+01
-4.854809924632670004e+01
-4.863630229112503400e+01
-4.791433389374522989e+01
-4.803561060431717777e+01
-4.657728062289735504e+01
-4.854785710651547248e+01
-4.802439387776769308e+01
-4.807729036760315466e+01
-4.852119020741008626e+01
-4.795225636317269391e+01
-4.842577946076551854e+01
-4.903235544593719197e+01
-4.784720749881307711e+01
-4.831052201964519099e+01
-4.732795657763379182e+01
-4.700185759887823167e+01
-4.739806943205148571e+01
-4.838495971977954468e+01
-4.881193495961554873e+01
-4.929878533496705728e+01
-4.748660941821987080e+01
-4.896788036579253856e+01
-4.820394239766708466e+01
-4.777747038405278346e+01
-4.877176510950847188e+01
-4.816329545477262997e+01
-4.998376393039574594e+01
-4.946872020365369593e+01
-4.874063035380821418e+01
-4.694643025928493785e+01
-4.915569409970493098e+01
-4.799743094487703132e+01
-4.881405882415772624e+01
-4.612988103574438981e+01
-4.839404047059301206e+01
-4.773202014970297569e+01
-4.777633696867461310e+01
-4.856174837725329496e+01
-4.895957357480583738e+01
-4.820061814614265927e+01
-4.729254374819966245e+01
-4.764974485531696757e+01
-4.861435338115798288e+01
-4.919195638529803460e+01
-4.828712124603961087e+01
-4.760282045473831403e+01
-4.904052240393522766e+01
-4.838486691807582929e+01
-5.003084917205889326e+01
-4.711798893262761112e+01
-4.817160293579269847e+01
-4.808038684995849366e+01
-4.811522973720129670e+01
-4.991238533528968446e+01
1.742603459235568380e+03
2.431717839746497702e+03
2.434182394523787025e+03
2.700301593067065824e+03
2.684439401346440718e+03
2.614764108302614204e+03
2.771086525469517710e+03
3.310962422285750563e+03
3.087821147847972043e+03
3.147010956182994050e+03
3.230010452389320108e+03
3.224852834167504625e+03
2.788007010320898644e+03
2.344709931969123318e+03
1.554124291231152256e+03
8.235786537615417728e+02
3.477126507965508608e+02
3.404033900620602822e+02
7.086393772580003088e+02
7.584595860848075972e+02
6.587905941658286793e+02
7.953690729264778838e+02
1.095543593038926474e+03
1.473629533071971537e+03
1.322495901615607409e+03
1.471964894204694929e+03
1.525162477250324400e+03
1.323716151220219217e+03
1.070116804600072555e+03
1.104380253209784996e+03
6.773834776416972545e+02
2.912995625721708279e+02
6.647036266765497885e+02
8.095617113700948266e+02
4.855502852313853737e+02
3.632968122215571043e+02
5.756058967801710651e+02
5.276697372418644818e+02
5.349265229980135246e+02
8.411875038552492470e+02
3.746892936758520705e+02
2.818802834924672425e+02
3.789241254752654982e+02
1.171653309740245504e+03
1.063844211517722215e+03
1.199680678266968471e+03
9.949234403080693028e+02
9.176027320159018927e+02
1.202260912087764609e+03
1.834812009215216676e+03
1.791627069001975087e+03
1.625648295444596442e+03
1.492273712882185009e+03
1.339594156670091479e+03
5.510973496684287056e+02
3.911660252636104360e+02
7.970609204710613938e+01
5.267139666913398059e+02
5.841714661907781192e+02
3.786528330260244957e+02
6.250561657486615559e+02
7.509528473752798163e+02
5.143531578909336304e+02
2.157945118645930620e+02
1.242404575525864345e+02
8.027581298306755571e+02
1.498190596130506265e+03
1.147855378236998831e+03
-2.142405584371102023e+01
-9.904290577688632524e+00
-2.366293351957307678e+01
1.607272215828929802e+02
4.361760692634258021e+02
1.160860108507714358e+03
1.681221804999696587e+03
2.966114047965573945e+02
-1.851542648885276421e+01
-1.033682272736319518e+01
-2.154709061885212407e+01
1.098264548136803143e+01
3.072263033543119377e+02
2.097871922056547760e+02
2.086944872517987193e+01
4.641066518631873237e+02
1.162235813206695411e+03
1.526816920366815111e+03
1.802124867520322368e+03
1.329357415856483613e+03
1.790979482671262303e+03
1.619103524168747754e+03
1.748954489265022403e+03
1.858539454049590631e+03
1.703119304277900483e+03
2.014130009782602883e+03
1.870570225186719654e+03
1.694452797974317491e+03
1.724212522287957199e+03
1.640601323779332688e+03
1.908944423656033450e+03
1.560963572967875734e+03
1.770066106918957757e+03
1.833379848344303127e+03
1.783140485306511891e+03
1.845584270290068162e+03
1.367579723251521045e+03
8.671946143292174156e+02
7.862529330786155697e+02
8.362823023393402764e+02
1.567760848459019371e+03
1.226886151243697896e+03
9.902245970609435517e+02
9.774082602215473798e+02
4.109895602025468406e+02
1.503538449113880517e+02
5.854300574752068087e+02
1.198760285791200886e+02
4.502709285289317620e+01
3.194106742117905355e+02
1.110947190601400507e+03
2.545235214493050364e+02
-7.902645101841654807e+00
-9.077539864162165628e+00
-1.293554019435859281e+01
-4.436626872775556230e+00
-8.928173333687579927e+00
1.536560204362139075e+02
1.406264023111531515e+03
5.535881924711794682e+02
2.809760199064679114e+02
-1.700103211541508230e+01
-1.554702023648925113e+01
-9.686478971086168954e+00
-1.617922924732150847e+01
-6.441260658094932090e+00
3.059004542026292572e+00
7.831069880085462955e+02
8.910003177915954211e+02
7.279479246913692805e+02
4.972832700366683412e+02
3.240096518356534148e+02
2.805119894918913701e+02
4.888028910536168041e+02
1.504886509238972394e+02
4.427239919650817512e+01
1.589893139652148193e+02
5.942980673225578414e+01
1.955161613715545457e+02
2.313454154686731670e+02
7.153678270241363180e+02
1.729983234336803207e+03
1.740718984914567272e+03
1.396006125781689207e+03
1.462067580935341311e+03
8.529118032414422714e+02
1.030872210062880185e+03
5.450727969819329246e+02
1.317624625588144305e+01
3.244305100582658952e+02
1.725161138057461301e+02
4.912463010729049984e+02
4.046480662799814922e+02
3.816704646023557643e+02
3.042644230606994142e+02
4.104486695641290908e+02
1.045324874533986531e+03
9.173651166023756787e+02
6.850112062528301067e+02
3.148643713688350090e+02
2.638925140733330181e+02
4.328299839853047359e+01
5.344631385063364348e+01
1.254468961468000145e+02
-1.503063962427716049e+01
-1.114207205215491392e+01
1.110925206694591871e+01
-2.170529428067190736e+01
4.343259905426979373e+01
1.974659486414884952e+02
2.152192918510199320e+02
4.531461521716233420e+01
-2.261778570330548987e+01
-2.238716210449403121e+01
-2.442104739234169486e+01
-1.524730272246792140e+01
-1.463782661840435217e+01
-1.310577912389507738e+01
-3.218438908750804472e+01
-1.044191208919896807e+00
-4.830057472616295478e+00
-1.634692015235404483e+01
