-4.957238960065434696e+01
-4.845397988460693028e+01
-4.871400535640973573e+01
-4.842835752282472583e+01
-4.827341203938546954e+01
-4.804093738258578128e+01
-4.854000652491333057e+01
-4.798669398089548821e+01
-4.769116749461052507e+01
-4.765234296688485216e+01
-4.798163198649755401e+01
-4.941600022775445922e+01
-4.814509119059358255e+01
-4.881071198312405102e+01
-4.852148309720545427e+01
-4.749914043467261848e+01
-4.678275921459811570e+01
-4.891429932953677451e+01
-4.786884091699118926e+01
-4.819355487037459085e+01
-4.846882379246553540e+01
-4.895059192975786289e+01
-4.868236308699117387e+01
-4.777664002778417540e+01
-4.823987702569082359e+01
-4.835482025814640394e+01
-4.725412492916459684e+01
-4.713673862033838446e+01
-4.777722052646563355e+01
-4.728586115776428755e+01
-4.857367380150384406e+01
-4.884156928795553654e+01
-4.881687448661944018e+01
-4.765674310693871263e+01
-4.777453431727420963e+01
-4.743347064487399223e+01
-4.762068121272836407e+01
-4.913615593789680247e+01
-4.929311567582867326e+01
-4.793421563245397010e+01
-4.782235743731995825e+01
-4.843267824143796929e+01
-4.790820108022831647e+01
-4.699294839388548439e+01
-4.867320170358756570e+01
-4.836487042314657714e+01
-4.884046102239415177e+01
-4.897998281256791842e+01
-4.880668628379164886e+01
-4.713168258199269189e+01
-4.886204513156972240e+01
-4.764825632349522522e+01
-4.862628441199144902e+01
-4.811186971202309337e+01
-4.853740204829460225e+01
-4.808889060137273930e+01
-4.934434210354824302e+01
-4.771670904111471145e+01
-4.745013795032003401e+01
-4.769409170269923237e+01
-4.899088434607153886e+01
-4.942047123855992652e+01
-4.950320137594289349e+01
-4.838453137082130695e+01
-4.747411047215774715e+01
-4.836861834268992055e+01
-4.759750124093011436e+01
-4.826901242337358866e+01
-4.876580790291318834e+01
-4.809199445984495469e+01
-4.969670305258612331e+01
-4.822565772814600393e+01
-4.790878817479724461e+01
-4.885406890550622450e+01
-4.776526104967956599e+01
-4.867773176383090572e+01
-4.662902198599426384e+01
-4.750527686414641693e+01
-4.857367132830314205e+01
-4.821440354655893401e+01
-4.874200098653339097e+01
-4.742579197423160764e+01
-4.777174689350566439e+01
-4.827449949111350946e+01
-4.794844557441555821e+01
-4.780858237233973540e+01
-4.883008634674240511e+01
-4.811442476971072324e+01
-4.739301138011526149e+01
-4.884095465938392522e+01
-4.791322785976867493e+01
-4.821847597027137056e+01
-4.852912162417482023e+01
-4.561797779595017488e+01
-4.771393478029830248e+01
-4.804450042368186047e+01
-4.854567905618699797e+01
-4.801840786736870115e+01
-4.887313145932720460e+01
-4.783453891241486389e+01
-4.880125873292633543e+01
-4.703845928356479789e+01
-4.743867918253479132e+01
-4.823745634592397380e+01
-4.682439462722948065e+01
-4.802870999032148802e+01
-4.907040447146308537e+01
-4.739111708501310716e+01
-4.791580453702522391e+01
-4.743986952375378507e+01
-4.935164207556412919e+01
-4.870362663676245063e+01
-4.938989686779208910e+01
-4.835792431849774431e+01
-4.782097587198946087e+01
-4.812404735307396209e+01
-5.014398901699350120e+01
-4.779088007773115976e+01
-4.801257083296260220e+01
-4.751611394841588520e+01
-4.832880858280454817e+01
-4.651661344841594570e+01
-4.761328474105378916e+01
-4.943778621190427458e+01
-4.723487835582346150e+01
-4.785182170509729360e+01
-4.824820590432514678e+01
-4.872083835387551431e+01
-4.810131838534397275e+01
-4.788376481211459179e+01
-4.781415184869293000e+01
-4.881528448907167217e+01
-4.815485856989730706e+01
-4.900475434963485810e+01
-4.774331854546856135e+01
-4.844018965684482225e+01
-4.850816210710344478e+01
-4.876958585178162053e+01
-4.810198656145127671e+01
-4.831856697011751578e+01
-4.787727685638790831e+01
-4.765813108432634948e+01
-4.761567490073526443e+01
-4.763799843439255710e+01
-4.960329500009550685e+01
-4.804638023306892336e+01
-4.829822416996928780e+01
-4.809280404659988051e+01
-5.046601600212613903e+01
-4.921078077351941715e+01
-4.850480380672419045e+01
-4.854449455848998696e+01
-4.939346989125512977e+01
-4.796163999044405557e+01
-4.894119050443475061e+01
-4.939247024582248713e+01
-4.708184093115704627e+01
-4.743467163729120273e+01
-4.741485456599476578e+01
-4.797039190505131501e+01
-4.827475828427704840e+01
-4.785335789273639762e+01
-4.875139273673190132e+01
-4.597795763198667629e+01
-4.695695977185499004e+01
-4.826189088568954588e+01
-4.794725424510428979e+01
-4.806254164657844541e+01
-4.873695633246887837e+01
-4.838217338952273394e+01
-4.812806325987892819e+01
-4.735217263917671460e+01
-4.888224211920848461e+01
-4.909796770984225844e+01
-4.746349873090984062e+01
-4.913517661108176782e+01
-4.719147280976088865e+01
-4.812619795154795099e+01
-4.891218021322680443e+01
-4.838436839300155867e+01
-4.880866885127305466e+01
-4.885387178144353726e+01
-4.836086910498254809e+01
-4.764062975940057498e+01
-4.804712661774821214e+01
-4.830832487938263142e+01
-4.802885739882157168e+01
-4.849185194582723568e+01
-4.810373463211200118e+01
-4.703368683517815185e+01
-4.892790482804893060e+01
-4.822248003612250500e+01
-4.822226504517837498e+01
-4.675693927690176110e+01
-4.888838806855398644e+01
-4.856303773369990751e+01
-4.964109391177755271e+01
-4.737387150931720470e+01
-4.837459299344213548e+01
-4.797094462058922915e+01
-4.763210076682012328e+01
-4.801039513349173404e+01
-4.756618984903710157e+01
-4.858347664553219403e+01
-4.834927518731368679e+01
-4.794018290456038756e+01
-4.811005490866772760e+01
-4.850286751201426227e+01
-4.828256146621000511e+01
-4.883354832582113403e+01
-4.825881694660414922e+01
-4.696009083700318598e+01
-4.720691340146398574e+01
-4.831498379728778048e+01
-4.841724125957978231e+01
-4.791958449848059587e+01
-4.799034276000194410e+01
-4.852169356433158498e+01
-4.760018594392788316e+01
-4.900034810469314550e+01
-4.740791852308043985e+01
-4.895335281626780244e+01
-4.928047654439485825e+01
-4.796715154895528599e+01
-4.768472192263732268e+01
-4.837578371331235871e+01
-4.786161437712144107e+01
-4.828280933744728998e+01
-4.902873093879692590e+01
-4.918209270811086498e+01
-4.758404999223306930e+01
-4.800694997290714383e+01
-4.830810622080380767e+01
-4.894667300457751224e+01
-4.776387830679296798e+01
-4.805218822002700563e+01
-4.884921513600375675e+01
-4.815734389882474886e+01
-4.836714789790282509e+01
-4.632017651413930537e+01
-4.801764385351929576e+01
-4.760504606827781515e+01
-4.884271388787600898e+01
-4.777331290015191456e+01
-4.769874268160582176e+01
-4.993335346768316185e+01
-4.789601751720093858e+01
-4.793284478232786938e+01
-4.860110538687104764e+01
-4.640399035081941292e+01
-4.814941034016130317e+01
-4.796817937882538274e+01
-4.883665893663123114e+01
-4.757224355863062470e+01
-4.979709101202788446e+01
-4.835762581699825802e+01
-4.799220116953637216e+01
-4.809493614190157018e+01
-4.779773950722736231e+01
-4.810114330701835428e+01
-4.814731787529603935e+01
-4.868131045089131703e+01
-4.963469731867882473e+01
-4.876207202884209835e+01
-4.890324907793048226e+01
-4.841955670231792652e+01
-4.858838610873552000e+01
-4.825835172002737039e+01
-4.859536171961629236e+01
-4.995459866552649686e+01
-4.884746511668208768e+01
-4.791862309026916478e+01
-4.922114240997298396e+01
-4.939181477948473287e+01
-4.864108771752676574e+01
-4.883187576914994565e+01
-4.800100039557476350e+01
-4.816486266305582120e+01
-4.828941374968606226e+01
-4.883646365772562348e+01
-4.846194387280026916e+01
-4.759750751643775146e+01
-4.777688405019500095e+01
-4.779571277017699060e+01
-4.870061747411295983e+01
-4.731517663985473376e+01
-4.885753119856350679e+01
-4.872940386698643067e+01
-4.666461400896159972e+01
-4.654910589031339185e+01
-4.764237945167243993e+01
-4.763634686277683983e+01
-4.796571124916568607e+01
-4.855918064020556102e+01
-4.680850975246414691e+01
-4.878248263764690051e+01
-4.879217318401182268e+01
-4.923318942249855468e+01
-4.767230940851026588e+01
-4.595340331538611167e+01
-4.773147363165827528e+01
-4.751771961370435093e+01
-4.813082944562289356e+01
-4.554690159044154285e+01
-4.737927015625295013e+01
-4.853929606585383283e+01
-4.899007623874779682e+01
-4.867547238024194201e+01
-4.916859472936579323e+01
-4.660661281269840117e+01
-4.594972588145791548e+01
-4.657234542753174367e+01
-4.839597912833035309e+01
-4.927176036639598067e+01
-4.874795293095550619e+01
-4.795030637408947172e+01
-4.775118376367524320e+01
-4.839321166236065608e+01
-4.810266537031994716e+01
-4.816405992777941947e+01
-4.825715998980359700e+01
-4.873965364950796442e+01
-4.823415197601778459e+01
-4.923216926092266732e+01
-4.782003557905632363e+01
-4.758166215317439196e+01
-4.656840923285967193e+01
-4.924049686720412922e+01
-4.775921828935872782e+01
-4.733660349363386644e+01
-4.849230171510588150e+01
-4.844940156506491036e+01
-4.838950615683001644e+01
-4.627013161952385190e+01
-4.862605041967718478e+01
-4.866646861212087316e+01
-4.754822643323668530e+01
-4.749496453632405490e+01
-4.797586022012487916e+01
-4.852127715296166599e+01
-4.788393776159041693e+01
-4.961673897204180150e+01
-4.819914042675291199e+01
-4.783232873203944990e+01
-4.775040153204091808e+01
-4.790712038077808188e+01
-4.788025649974881048e+01
-4.843224372226065810e+01
-4.818157518001318351e+01
-4.845945979547541782e+01
-4.773981717409054681e+01
-4.824577547157727508e+01
-4.939744737573226274e+01
-4.605273222608879991e+01
-4.806300457429443185e+01
-4.588844273805072760e+01
-4.873824934114404073e+01
-4.786792539356985543e+01
-4.453209247765954615e+01
-4.792307216832247718e+01
-4.788672249439233042e+01
-4.771389200699622535e+01
-4.631514124418226430e+01
-4.708761500178964354e+01
-4.828112966395703864e+01
-4.706117772294681600e+01
-4.866194976911297232e+01
-4.800517004670503241e+01
-4.630461521998090291e+01
-4.664803054922438008e+01
-4.920217056417043011e+01
-4.828240386953767427e+01
-4.776637077671277609e+01
-4.716844519952669401e+01
-4.756420250176697806e+01
-4.892075796876604699e+01
-4.755293033893837418e+01
-4.706221061870312639e+01
-4.921444486427190412e+01
-4.760211019292525236e+01
-4.791088384081471929e+01
-4.733314284060143962e+01
-4.686410291440516573e+01
-4.758251104586028646e+01
-4.812840692523710118e+01
-4.855566954665937374e+01
-4.927409076727655446e+01
-4.709726357937042707e+01
-4.686016946932762295e+01
-4.975574740900490411e+01
-4.876259311816485109e+01
-4.848059129561700331e+01
-4.912544171763098433e+01
-4.573159754339206273e+01
-4.713560252649358517e+01
-4.853837778449965867e+01
-4.833253859784313988e+01
-4.801620961542451482e+01
-4.752989556906343438e+01
-4.575992368370408059e+01
-4.840387603475123512e+01
-4.908734631008274363e+01
-4.841641829281665110e+01
-4.824207712586544972e+01
-4.792217143557935088e+01
-4.877218883971835339e+01
-4.680491825518756599e+01
-4.637678756499474986e+01
-4.741696212973351265e+01
-4.887234993185580123e+01
-4.721291703962550912e+01
-5.021709268709370377e+01
-5.053643056285193325e+01
-4.575230058779214204e+01
-4.746375842050267835e+01
-4.860272754440089216e+01
-4.726642214238581374e+01
-4.744563088784255456e+01
-4.818061456970391987e+01
-4.815397436073641302e+01
-4.796265332615349308e+01
-4.851626335668262158e+01
-4.843856060197548885e+01
-4.844855251114747574e+01
-4.866245978978530218e+01
-4.759743552272867362e+01
-4.925524135661442671e+01
-4.987718239333574388e+01
-4.793194983656704267e+01
-4.728767548624229988e+01
-4.833072079512735542e+01
-4.894359902621641822e+01
-4.778470168591959322e+01
-4.816474583048260172e+01
-4.725087494846107461e+01
-4.499393643111501717e+01
-4.864106401378890610e+01
-4.904676466407993729e+01
-4.871631674882891616e+01
-4.815908743763908006e+01
-4.863464776180947524e+01
-4.919388082563127540e+01
-4.877903889293061468e+01
-4.730430878011592455e+01
-4.868041083070349373e+01
-4.982727144998892754e+01
-4.780877415240272654e+01
-4.844772536600795121e+01
-4.831982890237742367e+01
-4.767026079618909762e+01
-4.732740231812404375e+01
-4.815298426512396190e+01
-4.687798796519169997e+01
-4.785393543176891740e+01
-4.847237476253842914e+01
-4.766133884281311595e+01
-4.791853319520068766e+01
-4.924206579895401603e+01
-4.799655618987865324e+01
-4.739158172609530340e+01
-4.706713760419982151e+01
-4.840774613070532695e+01
-4.791776407252898906e+01
-4.998070374461835996e+01
-4.839169764250062400e+01
-4.906034177266935359e+01
-4.771480615800753355e+01
-4.873759173333836969e+01
-4.964968780347791011e+01
-4.869879871232754454e+01
-4.891807622429040947e+01
-4.771306592385116119e+01
-4.780890514656319112e+01
-4.831210842717772636e+01
-4.694487047882589792e+01
-4.758802263808584598e+01
-4.850453447185837774e+01
-4.792605373181368833e+01
-4.813862358236806926e+01
-4.919817109555859247e+01
-4.844097874160353712e+01
-4.884571770725806772e+01
-4.765861737970378442e+01
-4.910777141303579896e+01
-4.841484873417714851e+01
-4.842164622122466255e+01
-4.897378989949238104e+01
-4.980562990033256199e+01
-4.729367066640994466e+01
-4.761472049754399904e+01
-4.731946865870706631e+01
-4.775650701889431815e+01
-4.894422122757017490e+01
-4.927207621535143289e+01
-4.579713029278047287e+01
-4.482554874970757197e+01
-4.726319398970053243e+01
-4.640430379190024013e+01
-4.781474525156546918e+01
-4.911437530279912522e+01
-4.745045266477490742e+01
-4.728165066098902258e+01
-4.809649268324255189e+01
-4.762525014847895477e+01
-4.786259128714164035e+01
-4.998465319480090585e+01
-4.730106492055120526e+01
-4.705878125569188342e+01
-4.819317905355497089e+01
-4.654219436228563467e+01
-4.967757577563338600e+01
-4.812923869840312108e+01
-4.689575296745462651e+01
-4.904926515038948054e+01
-4.850008292611247640e+01
-4.844304614990669933e+01
-4.888272740471904143e+01
-4.861699548700628526e+01
-4.672218277791805718e+01
-4.688276903758783476e+01
-4.855569358622413745e+01
-4.874217584876291909e+01
-4.830455684627968083e+01
-4.894208139307967542e+01
-4.838437830164657782e+01
-5.011591906695454668e+01
-4.750633285652367022e+01
-4.827922564401124816e+01
-4.956907631158977523e+01
-4.935419419267586960e+01
-4.840154012403955619e+01
-4.677642928373730058e+01
-4.877495138897684512e+01
-4.843304013637003180e+01
-4.835865603189557049e+01
-4.478032331849191650e+01
-4.863059865154762917e+01
-4.844451978885774679e+01
-4.824413630949509013e+01
-4.868535081784823149e+01
-4.871982805712882936e+01
-4.716424915464460099e+01
-4.917247115878473807e+01
-4.688392221195905307e+01
-4.723827212676689413e+01
-4.801614237955378428e+01
-4.816139898490988713e+01
-4.914751880194416600e+01
-4.949685601651641775e+01
-4.810157305688116480e+01
-4.778953777980129303e+01
-4.770479955016036655e+01
-4.672500287983552170e+01
-4.713522511026637574e+01
-4.582295101153601280e+01
-4.787101179835412523e+01
-4.692006867546128746e+01
-4.939797669419372284e+01
-4.818657433493349629e+01
-4.792131172377644788e+01
-4.901824380580804075e+01
-4.886172772652154350e+01
-4.612164751554365694e+01
-4.742235992759260910e+01
-4.687347253613056353e+01
-4.891957350846431041e+01
-4.893456090741033648e+01
-4.883975515837204284e+01
-4.942895975187536806e+01
-4.834542568195811185e+01
-4.902957302234341341e+01
-4.873925535994132474e+01
-4.883904950909155218e+01
-4.745240926593123731e+01
-4.916273432818886135e+01
-4.688266561533637145e+01
-4.691687662468380182e+01
-4.791151859449175276e+01
-4.759520386874343245e+01
-4.539398872814838626e+01
-4.905651537872005008e+01
-4.620625910108846313e+01
-4.954298706154114029e+01
-4.798157047077830129e+01
-4.621993354640811447e+01
-4.836368140352467293e+01
-4.577100292866479236e+01
-4.853363307541350480e+01
-4.829737782859632489e+01
-4.843791129413874330e+01
-4.815775740630414958e+01
-4.582720690956492859e+01
-4.789173315538947406e+01
-5.002552168380716324e+01
-4.868342158940977527e+01
-4.812361062897714703e+01
-4.970457245610385399e+01
-4.920736315508085568e+01
-4.864207916517251817e+01
-4.827912482918726056e+01
-4.829305429737116384e+01
-4.636797878271094220e+01
-4.842317558106106645e+01
-4.860683778395739552e+01
-4.730221090016732433e+01
-4.836002362444038738e+01
-4.799768049599321529e+01
-4.901879475655049134e+01
-4.729891191233368630e+01
-4.747726011277217140e+01
-4.749160744783347354e+01
-4.650960380748202994e+01
-4.868749166281787666e+01
-4.707279887546334862e+01
-4.886571554922935690e+01
-5.023863282181658718e+01
-4.887017761283455286e+01
-4.780979094154348275e+01
-4.857260395259356045e+01
-4.963835723128957511e+01
-4.750970559645757163e+01
-4.805003353186517501e+01
-4.774778137524240407e+01
-4.939148648472930603e+01
-4.986807118467525868e+01
-4.894048906153960132e+01
-4.782492562609246534e+01
-4.865413680553905351e+01
-4.792415963176982530e+01
-4.721560809080333598e+01
-4.855350031245217224e+01
-4.682424349736479030e+01
-4.724544953829147431e+01
-4.858173721223283081e+01
-4.864751868847146454e+01
-4.894866923989799545e+01
-4.851906074775371991e+01
-4.518770313018741547e+01
-4.806293893608791024e+01
-4.649128808222732090e+01
-4.755939990360688086e+01
-4.924334040568044202e+01
-4.754860474046772367e+01
-4.618129679669513621e+01
-4.933272778794109570e+01
-4.709895854950705996e+01
-4.797674680154933213e+01
-4.980933222828859641e+01
-4.912060342093597143e+01
-4.783774003292771226e+01
-4.876458992131637160e+01
-4.567862821399624096e+01
-4.918375292516027741e+01
-4.745157592403203495e+01
-4.967322670404501395e+01
-4.871355006564735390e+01
-4.861585773277894873e+01
-4.862808732728043282e+01
-4.853350565507957270e+01
-4.849650473875985313e+01
-4.683798762407568006e+01
-4.916618555445293026e+01
-4.887793856138436865e+01
-4.704592030255832213e+01
-5.002617299278314533e+01
-4.717559544333246180e+01
-4.856807064902377391e+01
-4.676876433832825342e+01
-4.830952868032684222e+01
-4.770240287039860760e+01
-4.880003810222380878e+01
-4.961808677438288839e+01
-4.833141078626756126e+01
-4.703107648390356843e+01
-4.842719673346449127e+01
-4.876423495204462455e+01
-4.831989005015014982e+01
-4.872907811959426283e+01
-4.784277873096363720e+01
-4.830336568375616935e+01
-4.672976637180370574e+01
-4.832557147671774089e+01
-4.807013227147392342e+01
-4.894255435607598059e+01
-4.852626900906959406e+01
-4.786795922629988809e+01
-4.797090666742347054e+01
-4.896889689315649008e+01
-4.821983480331587657e+01
-4.426098862005947865e+01
-4.678229328343378768e+01
-4.882325926917847170e+01
-4.829801222560809748e+01
-4.554042327935322731e+01
-4.842501930577627434e+01
-4.838943255422027789e+01
-4.902177652032487742e+01
-4.834787491772470247e+01
-4.828495097444596240e+01
-4.022116088697752900e+01
-4.866003302329774272e+01
-4.756321943081381676e+01
-4.868201990416412173e+01
-4.839216694967192467e+01
-4.802952085932579251e+01
-4.841665453940240837e+01
-4.835030963494097023e+01
-4.882485083726467678e+01
-4.877314175072528712e+01
-4.747685264088395485e+01
-4.814694802344584446e+01
-4.870308655962528377e+01
-4.836367333824502879e+01
-4.895963305871536875e+01
-4.817581279521368032e+01
-4.919765769335512573e+01
-4.869894933378499502e+01
-4.709573270746685125e+01
-4.901600636252066323e+01
-4.836516277393334917e+01
-4.708038475678690560e+01
-4.879980012411212442e+01
-4.885700388133718519e+01
-4.941195393667575075e+01
-4.411984146269288232e+01
-4.904619587213333887e+01
-4.615893001529622097e+01
-4.790991030598379297e+01
-4.888608688179704131e+01
-4.993607817074208555e+01
-4.823588557224955053e+01
-4.994958093215581130e+01
-4.815757878734501674e+01
-4.718984966431385430e+01
-4.802557928900388617e+01
-4.923681453424430288e+01
-4.874873869980611829e+01
-4.792547077175361636e+01
-4.597040879743158115e+01
-4.881561569748313900e+01
-4.623188195865842687e+01
-4.796845792679986431e+01
-4.949911289366627187e+01
-4.667379983707930080e+01
-4.786403586399008958e+01
-4.556099044740798831e+01
-4.803326234290133812e+01
-4.768373489516511654e+01
-4.606579134223628103e+01
-4.457145126238832233e+01
-4.829046248294272203e+01
-4.845755988308164319e+01
-4.910961590167502067e+01
-4.948024694526225176e+01
-4.976527916604526780e+01
-4.823169200029206394e+01
-4.783071782789642157e+01
-4.781756757536113156e+01
-4.785302507940414074e+01
-4.609720961613684409e+01
-4.066380559265910222e+01
-4.884499147394939200e+01
-4.720818014820793707e+01
-4.783363978748005252e+01
-4.877664431705429848e+01
-4.750820581042916046e+01
-4.739456146813824233e+01
-4.817782643947510479e+01
-4.733640109022942966e+01
-4.583642314144827168e+01
-4.796692109575354834e+01
-4.937130899193140721e+01
-4.982209549805327242e+01
-4.486551447920226110e+01
-4.831752275622165627e+01
-4.917648856076449704e+01
-4.877580610196702793e+01
-4.836669718602693990e+01
-4.837125346739686194e+01
-4.869094070677112995e+01
-4.635233461596047277e+01
-4.814582583078401257e+01
-4.684658532928477115e+01
-4.893792803758783805e+01
-4.856916067392106129e+01
-4.732709159224875606e+01
-4.936114708295386322e+01
-5.031989317162870634e+01
-4.639628444612230140e+01
-4.740535434273803617e+01
-4.845518659966101893e+01
-4.797882407271358574e+01
-4.778777034214434138e+01
-4.676749112938242803e+01
-4.753829818206359903e+01
-4.928632835556891223e+01
-4.915530472606157986e+01
-4.903019161707359785e+01
-4.869100240240290844e+01
-4.717533904796973587e+01
-4.911110792423949079e+01
-4.773422002243408002e+01
-4.799424898773855830e+01
-4.855890017321384988e+01
-4.925929472544616061e+01
-4.839067008746584264e+01
-5.025565443894990381e+01
-4.868120804691257320e+01
-4.770725299682463572e+01
-4.977862743972305282e+01
-4.631826104153825696e+01
-4.904013436983865404e+01
-4.827590714973273833e+01
-4.868490989640310573e+01
-4.907910042633471903e+01
-4.755825659103292935e+01
-4.878807539628164847e+01
-4.818890901798668835e+01
-4.869919434878828213e+01
-4.855915542137955754e+01
-4.833978039153075201e+01
-4.424350276611650656e+01
-4.907580944569478021e+01
-4.873788498507321520e+01
-4.895493789677452412e+01
-4.833291938777342267e+01
-4.840515005400109771e+01
-4.785453049311465179e+01
-4.897844031464954639e+01
5.791051452989014479e+02
-3.194530593090118842e+01
-2.900423715205947417e+01
-1.376912196253661591e+01
3.068894203681912245e+02
1.803294313919681144e+03
2.407652695938400029e+03
2.773437411181016614e+03
3.288743648763468173e+03
3.023612521772557557e+03
3.187667663359521612e+03
3.111162983977816111e+03
3.193915891651662150e+03
2.811248024524093125e+03
2.666915437679035676e+03
2.559189287393539871e+03
2.642168158288238828e+03
2.148545844892953482e+03
2.703688157020247218e+03
2.877307959606272561e+03
2.730076917549525660e+03
2.615401471911293811e+03
2.819062638546722155e+03
2.609530478813862828e+03
2.799715071900479415e+03
2.733558055032926859e+03
3.119837365172246791e+03
3.131145401953756391e+03
3.128407430141165605e+03
3.018449153797305826e+03
3.162379943600761635e+03
3.340191619429961065e+03
3.088834681471977092e+03
3.068556584990748433e+03
3.248415349784600039e+03
3.387718736980491485e+03
2.994658332192884700e+03
3.253013632690530812e+03
2.806547220241202467e+03
2.915123245399208372e+03
2.901211245081034576e+03
2.777799719371055744e+03
2.802467505746098595e+03
2.689454483493698717e+03
2.804657230714425168e+03
2.928111995911657232e+03
2.577937790483413210e+03
2.808480070565917686e+03
2.780514611070069805e+03
2.549889374411564404e+03
2.211958336291521846e+03
2.452267485891367414e+03
2.527283726424652286e+03
2.266095880966619006e+03
2.418447536399433830e+03
2.812145753056363446e+03
2.549205622352568298e+03
2.603241722980625582e+03
2.409640638380303699e+03
2.530119337091352918e+03
2.578252063045436898e+03
2.756372423554065335e+03
2.880977374894380318e+03
3.176025147003318580e+03
3.028157688012937797e+03
3.064845878414892013e+03
3.106492811303688541e+03
2.992940214489523896e+03
2.835774229217988704e+03
3.058246521363550528e+03
3.556609116706313671e+03
3.390181795402571424e+03
3.066255480903108946e+03
3.505134254573231829e+03
3.190703740646409187e+03
3.548719761288851714e+03
3.329790050257112853e+03
3.040718552407032348e+03
2.417940054081147537e+03
2.666042750390541187e+03
2.892738505134144816e+03
2.914996904989272025e+03
3.064548636315955719e+03
3.103424485102892504e+03
3.270630907910979658e+03
3.150876072141384611e+03
3.376434921349082742e+03
3.114336910410264409e+03
3.230175928216899592e+03
3.226196817851026026e+03
3.148656766622697887e+03
3.075702425084396054e+03
2.624029120503442300e+03
3.071842841814580424e+03
2.995917186301722722e+03
3.047822919927292787e+03
2.651400049779458641e+03
2.472089669130009497e+03
2.882518414192019918e+03
2.818808176146168535e+03
3.257868738915342419e+03
2.702743789089141501e+03
3.127893971017272179e+03
3.098612563869154201e+03
3.323290314500811292e+03
3.335459837808129578e+03
3.288977499985982377e+03
3.059317566271713986e+03
3.103954838584497338e+03
2.988033901894516930e+03
3.034209524397436780e+03
3.114958064798646319e+03
3.311702519117868633e+03
3.087962707677319486e+03
3.093803645291131033e+03
3.337502133162686732e+03
3.225091843826196055e+03
3.170027981984694634e+03
3.026683994513759444e+03
3.031095081899255092e+03
3.384110760290051985e+03
3.241194404316483087e+03
3.192951040253147312e+03
3.150722064682255223e+03
3.236538570905607685e+03
3.100682576848849294e+03
3.311768927244689621e+03
3.499268405018168778e+03
3.106068793612934314e+03
3.241703996489545716e+03
3.051349285390109344e+03
2.850241531650076922e+03
2.917585466719525812e+03
2.976149872788235825e+03
2.782314872822857069e+03
2.542454097369151441e+03
2.665716199723257432e+03
2.672559337533236430e+03
2.704327165905680886e+03
2.498624940733973744e+03
2.505545151188533964e+03
2.446882589370038204e+03
2.416432614474462298e+03
2.309922639333677580e+03
2.700092714019313007e+03
2.664568157180311573e+03
2.653605195069575984e+03
3.009372601895242497e+03
2.986626845244037668e+03
2.932059251126387153e+03
3.324716822117647098e+03
3.213446298793684491e+03
2.900268947197670059e+03
3.205500385104354336e+03
3.147491138703155229e+03
3.238685637497480911e+03
3.556881907203142418e+03
3.169913459330377464e+03
2.976966458287869045e+03
3.406977395997623717e+03
3.275926363872833463e+03
2.968931069007964652e+03
3.032729779334313662e+03
3.245205370025740194e+03
3.225796632866243272e+03
3.547892766343963103e+03
3.014100175619844777e+03
2.549260767582369226e+03
2.176345226304895277e+03
1.854363213483934715e+03
1.883407714566953018e+03
1.548259507687052974e+03
2.141535039523039814e+03
2.681982377773490953e+03
2.948648190049509139e+03
3.004564473605878447e+03
3.038320318335841421e+03
3.239962659546483792e+03
2.848862774602842364e+03
3.195421371755941891e+03
2.992099996418386581e+03
3.221038224464973609e+03
2.947082788852558224e+03
2.822287551129142685e+03
2.325606256146374562e+03
2.697908616335655097e+03
2.148922916500073370e+03
2.182746751770280753e+03
2.312207938922508674e+03
2.921051499800214515e+03
2.931039878427674921e+03
2.700534372933466329e+03
2.409043930556846135e+03
2.650797394908646311e+03
2.272926711148212235e+03
2.490811007539193724e+03
2.387706245524840597e+03
2.594047382622115492e+03
2.940299419568044868e+03
2.656266296620730373e+03
3.084310983353270331e+03
2.870417703653670287e+03
3.222173842498975773e+03
2.910258842301221193e+03
3.116916438238358751e+03
3.022883943723460106e+03
3.085652784718779913e+03
3.016563476359807282e+03
3.179659196457675534e+03
2.820173587149131436e+03
3.133523470239510971e+03
2.913301059534073374e+03
3.067627904171166392e+03
3.032732842522606006e+03
3.257452883203763577e+03
3.004390643151423774e+03
3.099516063165688138e+03
2.987989610012337380e+03
3.306735759199022596e+03
2.862896487641156909e+03
3.043746412214714383e+03
2.894231315214274673e+03
3.288797332100866242e+03
3.089194389527563089e+03
2.799446371155787801e+03
3.326066344824303087e+03
2.781839344883985632e+03
3.293203489249514405e+03
3.178780567963240173e+03
3.127635984500010181e+03
2.827767698991292946e+03
3.025481460016691926e+03
3.315649528366990580e+03
2.606327360950052480e+03
2.310232715403429665e+03
2.299496676811685120e+03
2.358599352293620541e+03
2.577678175298718998e+03
2.476119771909186511e+03
2.466912691072583129e+03
2.711152424425540630e+03
2.750487531979135383e+03
2.747567929632141841e+03
2.985600985826215947e+03
3.001374163404510909e+03
2.611792127146700750e+03
1.889502193670028873e+03
2.060334476410854222e+03
1.521742394290278298e+03
2.255257737968675428e+03
1.876726051847514327e+03
2.661234910884145393e+03
2.896069348294988231e+03
2.679901543024387593e+03
2.482136547305548902e+03
2.663439262434683314e+03
2.478508222678824040e+03
2.769272316136965401e+03
2.690396390010111645e+03
2.898259080871534024e+03
2.689848143303758206e+03
2.780799514217598698e+03
2.639787614711251990e+03
2.727773166350638348e+03
2.276623253209729683e+03
2.499157043726695520e+03
2.656235246879992246e+03
2.776434225829837033e+03
2.935305596907828658e+03
2.603596023301264722e+03
2.365419336046357330e+03
2.795727859443561101e+03
2.456798318208580895e+03
2.448548129841166428e+03
2.691522020783262633e+03
2.388526328643937177e+03
2.563386224120985844e+03
2.391787741548584563e+03
2.882120563686057267e+03
2.533294629798836468e+03
2.789385051707024104e+03
3.003815191058859909e+03
3.028131915581463090e+03
2.927068327523021708e+03
3.073918883682476007e+03
3.287378932702294605e+03
3.233674829183496968e+03
2.937915011265269641e+03
3.057795905747262168e+03
3.238363396961379294e+03
3.321772069619348258e+03
3.306708561014238967e+03
3.057070469041966589e+03
3.325755736878276821e+03
2.825338435715113064e+03
2.946758462727412734e+03
2.733958712050506620e+03
2.847891257914803646e+03
3.035656294978839924e+03
3.125910055177061167e+03
2.616016157080262474e+03
2.678787502437552121e+03
2.088122108579620544e+03
1.389973649792750393e+03
5.634646388785346289e+02
3.802071304471949702e+02
-2.518059748950745913e+01
-4.065964062680978763e+00
-2.082573558771178668e+00
-7.550635578658876357e-01
-1.176481893768103859e+01
-1.919668330711864002e+01
-2.398594385594463674e+01
-1.534229147797546489e+01
-3.047105724031703389e+01
-2.079159859105079988e+01
-2.611440365718804557e+01
-1.867225197048183460e+01
-2.874814436156785646e+01
-4.881214846462448520e+00
-4.337279905589229045e+00
-6.952465178899053910e+00
-8.108003781740736216e+00
-2.206320091463853572e+01
-2.356578945982958828e+01
-1.187317486925626753e+01
-1.637633681164378130e+00
-2.502485537640365632e+00
-6.852940642382462366e-01
-2.477280087382983886e+00
-2.130781848658045874e+00
-1.177636174670149494e+01
-2.629532852834655188e+01
-1.250390028147096899e+01
-9.257815696217209123e+00
-7.834473886354678562e+00
-4.400800460720592611e+00
-2.910220603613959955e+00
-4.381471405413911668e+00
-7.429914819203193410e+00
-6.320112804772615611e+00
-6.104654771767508592e+00
-3.286948316582262830e+00
-1.175640211311927530e+01
-9.388766806135842913e+00
-1.596350659662360449e+01
