-2.135968438773094391e+01
-2.053750767791925469e+01
-1.770905582443804249e+01
-1.906935151851235588e+01
-2.128196326474315825e+01
-2.528916864614345172e+01
-1.997035740764836831e+01
-2.428818316995942439e+01
-2.174253427955618889e+01
-2.202162773940339235e+01
-2.195733580141952501e+01
-2.957908471112203230e+01
-1.930991703364199807e+01
-1.535865116846984080e+01
-1.857162625755798757e+01
-1.760175579979924265e+01
-1.478390920335501413e+01
-2.168676853497508361e+01
-2.142486898853016442e+01
-2.127527701533261606e+01
-2.107270927836143670e+01
-2.589489692622902695e+01
-1.992756622743375772e+01
-2.602981845505591352e+01
-2.765989753894602288e+01
-2.302744654825690063e+01
-3.017188949807389875e+01
-3.239291401276164351e+01
-3.209216244539994989e+01
-3.153918584160657801e+01
-2.845639510789100513e+01
-3.005152534791522712e+01
-2.966104438340085636e+01
-3.435402359143251516e+01
-3.498433180785094976e+01
-3.443415900496659532e+01
-3.710938489483924485e+01
-3.761385543483638116e+01
-4.005937529099751515e+01
-3.877968970708005969e+01
-4.296335498409861486e+01
-4.478836282468067509e+01
-4.406160465082662370e+01
-4.474838106448898145e+01
-4.309343115323175510e+01
-4.755280436255204535e+01
-4.716998862968267048e+01
-4.779620320581844339e+01
-4.715201378103621721e+01
-4.436732939501245454e+01
-4.724628192210305144e+01
-4.720564216104703803e+01
-4.770460649229046624e+01
-4.461009050331558257e+01
-4.839325946781646337e+01
-4.622754202074174401e+01
-4.805131638042470854e+01
-4.799469752808536072e+01
-4.886688885595207665e+01
-4.864578914633186457e+01
-4.847759726399760183e+01
-5.049971225969687083e+01
-5.100793111252011158e+01
-5.110435445515429365e+01
-4.908345927573554945e+01
-4.937132809753914842e+01
-5.055667267760015449e+01
-5.099635149617947860e+01
-5.009845831985354181e+01
-5.001918072165487672e+01
-5.014700630266533210e+01
-5.172543159848805772e+01
-5.032302715798471127e+01
-5.158041314791518772e+01
-5.118652017903185225e+01
-5.172758292741924890e+01
-5.080726174622311220e+01
-5.220680323041834470e+01
-5.198076125817392068e+01
-5.213039054617805590e+01
-5.157175012571374850e+01
-5.281686492722756299e+01
-5.161733479122967339e+01
-5.223812037817754117e+01
-5.174746745537421333e+01
-5.150739715677856623e+01
-5.273318201405902528e+01
-5.195184312275114280e+01
-5.173424407639525668e+01
-5.121664518077577100e+01
-5.157207171868825668e+01
-5.212765966018463359e+01
-5.131746121038057851e+01
-5.228024636512640910e+01
-5.186468472902539872e+01
-5.212100627008344844e+01
-5.163597006387618649e+01
-5.159046468960839604e+01
-5.153182989074011289e+01
-5.086052852254663748e+01
-5.157371624644077457e+01
-5.181246669202104016e+01
-5.174703298702127796e+01
-5.064111563524780024e+01
-5.173001209275302159e+01
-5.186666722991639489e+01
-5.153550107213818876e+01
-5.206627290034085576e+01
-5.202365717554396696e+01
-5.095762919957325465e+01
-4.984375887512481995e+01
-5.169848986862756135e+01
-5.050149938902195856e+01
-5.163328073227383186e+01
-5.282455475678143131e+01
-5.232830678942817570e+01
-4.952524894685817713e+01
-5.207994081376310191e+01
-4.873196792648712972e+01
-5.059591784640856815e+01
-4.939115828675354436e+01
-5.051236649223773867e+01
-5.131438473958905888e+01
-5.194412299716338310e+01
-5.097483979584486491e+01
-5.071316064430838821e+01
-4.769532165781689059e+01
-4.966053001352890561e+01
-4.958905765976081881e+01
-4.894778494378190459e+01
-4.664401098907406151e+01
-4.184448507794947147e+01
-4.905704700866230183e+01
-4.484101922954701536e+01
-4.388000183984240010e+01
-4.486180843533516338e+01
-4.553612342660237289e+01
-4.775317961630544517e+01
-4.426281307486283367e+01
-4.407621295429714792e+01
-4.593969541492849373e+01
-4.131275874511127455e+01
-4.340856320203022989e+01
-4.597300675627261057e+01
-4.657866664205709384e+01
-4.312973907137151741e+01
-4.517052127737807155e+01
-4.896625317126661514e+01
-4.920911332499701274e+01
-4.925001358275502383e+01
-5.186821809291744501e+01
-4.922682764233289987e+01
-4.914485308555293841e+01
-5.053220288986658915e+01
-4.426340268882817242e+01
-5.103076484981958316e+01
-4.979996836151515538e+01
-4.640557128927788710e+01
-4.758983574524064153e+01
-5.064528580714360828e+01
-4.779868428017478976e+01
-3.438545047037607816e+01
-3.400884054877289486e+01
-4.428410848344931594e+01
-5.063576620554650276e+01
-5.233259140663964359e+01
-5.236813544126630404e+01
-4.825024236289590363e+01
-5.194537478887805548e+01
-5.169504229543505858e+01
-5.002532647926007314e+01
-4.947227010002655589e+01
-4.946043449355121879e+01
-5.022297916220506409e+01
-4.725183362271233989e+01
-4.989910383231740099e+01
-4.771254644932205480e+01
-4.843583609225893838e+01
-4.872328935291724150e+01
-4.794245074336557622e+01
-5.120515968507876892e+01
-5.188513955656532062e+01
-4.849374801020053383e+01
-4.774564527919930157e+01
-4.925152339321918049e+01
-4.801446422906159484e+01
-4.786242350680451096e+01
-4.758873105755749577e+01
-4.749254763560239212e+01
-5.049278912266866826e+01
-4.566163080205545555e+01
-4.812372387038659127e+01
-4.572184646350132908e+01
-4.604117395656150080e+01
-4.807159468628457688e+01
-4.782323121107157959e+01
-4.667527207525641586e+01
-4.480030377683167586e+01
-4.635033576774285535e+01
-4.810815101706647567e+01
-5.035155226160979680e+01
-5.156814523835842579e+01
-5.184096758394695570e+01
-5.202419560552783651e+01
-4.997350457510719224e+01
-4.881181941610841335e+01
-5.039222416761035106e+01
-5.057734026054772869e+01
-4.552091031694247647e+01
-5.077497231130760014e+01
-4.839626418597236324e+01
-4.932831271059252742e+01
-4.701260959891737201e+01
-4.677146906982890329e+01
-4.975795599827674920e+01
-4.828338080140953537e+01
-4.916468594222059352e+01
-4.896663224428782257e+01
-4.842986460638779533e+01
-4.805447537304635119e+01
-4.834293195554364786e+01
-4.746200473219550275e+01
-4.674163387463016051e+01
-4.657810997904800843e+01
-4.738126676019876271e+01
-4.513660964270150089e+01
-4.779280227825092453e+01
-4.760467798612494761e+01
-4.740781185241427664e+01
-4.816486516076189872e+01
-4.755413269634887286e+01
-4.922817953029718296e+01
-4.935877469034986120e+01
-4.736569404389741322e+01
-5.087054626645353039e+01
-4.782518994479767116e+01
-4.538913076027997562e+01
-4.618499382249859053e+01
-4.613961627507078589e+01
-4.734122842657891539e+01
-4.784121102874757980e+01
-4.832809907585698994e+01
-4.662337616818823705e+01
-4.688660584132166065e+01
-4.908570719718041175e+01
-4.766424449526856932e+01
-4.806505404123065262e+01
-5.165940831582958026e+01
-3.262834502235605072e+01
-3.580245936179072430e+01
-5.019964897751282962e+01
-4.886976456250162215e+01
-5.180858204575226722e+01
-5.167014084220053149e+01
-4.827177999770003680e+01
-4.852899087145468116e+01
-5.105015121428612446e+01
-1.567418031228735131e+01
-3.585040350164318212e+00
-9.358691290024022669e-01
-6.331433788038640653e-01
-1.014783843842450128e+00
-2.531863825749025576e+00
-7.394456231638999455e+00
-5.556337384675544833e+00
-7.067076322258902366e+00
-6.655017835584487784e+00
-3.227471129106629810e+00
-2.132159394001823305e+00
-1.325714376596420996e+00
-4.824923077349120071e+00
-3.663453737708314151e+01
-5.231604700210607461e+01
-4.969158787392734666e+01
-5.201202829603870725e+01
-5.205242922579796527e+01
-4.803262349230592321e+01
-5.120810040273850205e+01
-5.030079965994123370e+01
-5.075120946087960760e+01
-7.132535105155914046e+00
-7.661988074521890901e+00
-1.720480651963415752e+01
-4.573158970014534219e+01
-4.799325714101738782e+01
-4.116226340536299233e+01
-2.629741135949823061e+01
-1.432549282331546259e+01
-3.443092862865857740e+01
-5.091163471704481225e+01
-4.680905895521836868e+01
-5.198494978506246156e+01
-4.429171658916523313e+01
-4.461460147617746941e+01
-4.969712585050582021e+01
-4.857923014275102247e+01
-5.097896481497988930e+01
-5.035331328076217972e+01
-4.942319010700074955e+01
-4.979629478360891426e+01
-4.996525282482853214e+01
-4.891272683433202673e+01
-4.854530333693979571e+01
-4.823648097434242032e+01
-5.162326743201904833e+01
-5.040766117130783641e+01
-4.939860982639233100e+01
-4.803759076213776069e+01
-4.893368267635615609e+01
-4.993348570050030588e+01
-4.720820771734249632e+01
-4.997364149974234238e+01
-4.903455080073349137e+01
-5.082184494689336418e+01
-4.818960755103058347e+01
-5.087722481758423498e+01
-4.976939074945785535e+01
-5.009219285270330602e+01
-4.826602778647068703e+01
-4.878121442670878594e+01
-5.027006199270795150e+01
-5.249504986488696545e+01
-4.347027393893257852e+01
-4.550126757242785658e+01
-4.982889455912184218e+01
-4.785538904249367675e+01
-4.796929498651051915e+01
-4.409853497611222650e+01
-4.967589792152306671e+01
-4.995685837234932336e+01
-4.973041508723303394e+01
-5.047136688659315240e+01
-5.144148536885811751e+01
-5.197322832630108280e+01
-4.964411598937941505e+01
-5.155700213499347484e+01
-4.787740353579792441e+01
-5.101648838389057516e+01
-5.082982982543983042e+01
-5.016280726223229181e+01
-5.015961240035648672e+01
-5.062967170368925451e+01
-5.009915147217573406e+01
-4.879388429511147507e+01
-5.001078687187393967e+01
-5.163749704002002971e+01
-5.225597492530572197e+01
-5.230878339192364734e+01
-5.100338832543256018e+01
-5.038475072548860823e+01
-5.180716148951410105e+01
-5.082075954848927068e+01
-5.167737100199438061e+01
-5.146182131406430216e+01
-5.178346777402930456e+01
-5.224499182833567801e+01
-5.133880641349810503e+01
-5.037430770179572903e+01
-5.089461551192815847e+01
-5.245488683363513616e+01
-2.619901603457612538e+01
-9.401832460721928797e+00
-5.671632238846003204e+00
-1.137805766485040593e+01
-5.186509262958151822e+01
-5.112743270273056595e+01
-3.929946704483063513e+01
-3.196820964324055225e+01
-4.349181986788375553e+01
-5.241995188244078463e+01
-5.085078975256919875e+01
-4.968491610216467080e+01
-4.898505645043029233e+01
-5.009315927680074765e+01
-5.018228907924179083e+01
-5.109345883466172467e+01
-4.950924586816712036e+01
-4.229032730424896158e+01
-3.221521332111132097e+01
-4.712527411449057979e+01
-4.970734617467550009e+01
-5.140054052312954980e+01
-4.511506999601903800e+01
-5.005860358595367643e+01
-4.947400747822164391e+01
-5.045349491931677477e+01
-4.510328408851175652e+01
-1.994778024913541969e+01
-2.579216172629602610e+01
-5.180386855047359518e+01
-5.196710569490252141e+01
-2.767380639591166158e+01
-1.517657376908946887e+01
-3.513304286920537578e+01
-5.113048646611389358e+01
-5.211492164207835742e+01
-2.240580981549732797e+01
-2.622802675293013586e+00
-3.738392766817729140e-01
-3.689348432651168852e-01
-4.048132555355791196e-01
-1.891179382261716224e+00
-6.112393243908045726e+00
-1.115361619699663009e+01
-7.359915405742723848e+00
-3.823694330758799609e+00
-3.938012647340148664e+00
-4.330389413301870327e+00
-7.596319366382487281e+00
-1.676013476069392638e+01
-1.448336794705310915e+01
-3.211033812107270791e+00
-8.199896735742742138e-01
-3.249075326372580785e-01
-4.565248086321205823e-01
-1.394118638937783761e+00
-3.155147303300390504e+01
-4.338851258762100827e+01
-3.963845574015859796e+01
-2.963989140285670132e+01
-5.222402504926017031e+01
-5.178660327187689916e+01
-4.974011681592548229e+01
-4.622547944216290716e+01
-5.203066046096202513e+01
-5.193410981172294782e+01
-5.191751907781640796e+01
-5.175524433746726771e+01
-5.318449037893853415e+01
-5.126483785144029071e+01
-4.997793884613098925e+01
-4.945309029655346933e+01
-5.076966720705796376e+01
-5.137056586827079485e+01
-5.196810261486239568e+01
-5.156017205307370688e+01
-5.088682559372633563e+01
-5.165389928095191863e+01
-5.092143659781174847e+01
-5.182169521779094623e+01
-5.111691560721246930e+01
-5.158831544379528822e+01
-5.068673920015689305e+01
-5.182652621364574941e+01
-5.183791359723146996e+01
-5.177568085961308242e+01
-5.046923673396338472e+01
-5.094327768364743036e+01
-5.189884994343501745e+01
-5.253189162589446681e+01
-5.108754487038606840e+01
-5.154664910738568295e+01
-5.188389078086851214e+01
-5.188512928611103092e+01
-5.143186728148595677e+01
-5.220695347474551795e+01
-5.211829149081960821e+01
-5.193469904372213364e+01
-5.255346418754217552e+01
-5.244187512310509902e+01
-5.203018040494885099e+01
-5.215478926777095126e+01
-5.134886020722111510e+01
-5.182481744411136049e+01
-5.214984893506017016e+01
-5.144491221202805775e+01
-5.142438921684953357e+01
-5.219988529756903262e+01
-5.183427171100591124e+01
-5.204309640083334187e+01
-5.232127063733991434e+01
-5.165381428428126753e+01
-5.206362165060496494e+01
-5.033230448083494224e+01
-5.115896147552138729e+01
-5.109721295523220164e+01
-5.241424573556255950e+01
-5.112537006432526709e+01
-5.178819095720467658e+01
-5.113467379510902333e+01
-5.061135548917383886e+01
-5.016025528851976389e+01
-5.147703057091968759e+01
-4.521858314171530679e+01
-5.205896663791796186e+01
-5.166904408863400988e+01
-5.043202887519481692e+01
-5.013510933514015022e+01
-5.063699458283800681e+01
-5.001056216489428152e+01
-4.976544868823975065e+01
-5.016005703323855158e+01
-5.139804986799218511e+01
-4.885011066392002732e+01
-4.942915669661775269e+01
-4.712583923428884702e+01
-4.914103482018918356e+01
-4.780748448341337564e+01
-4.859461185152986218e+01
-4.869459641912916936e+01
-4.916274278682222132e+01
-4.960147439162899730e+01
-4.804345939860495207e+01
-4.986641200181044553e+01
-4.979094344241631376e+01
-4.951592249745028340e+01
-4.776048850116976041e+01
-4.799221545431208114e+01
-4.805553728230748334e+01
-5.014865604516435127e+01
-4.916690504656510541e+01
-4.850347759168580097e+01
-4.875421924581099375e+01
-4.824249619422518975e+01
-5.009332418890971894e+01
-4.952522031674679681e+01
-4.943239330629143780e+01
-4.948849250909679398e+01
-4.848505175066907924e+01
-4.949935699414656654e+01
-4.955157281648418888e+01
-4.750675182570181221e+01
-4.922999563938937229e+01
-4.938910113731692775e+01
-4.874507573604364552e+01
-4.896344973538026579e+01
-5.014832766458992808e+01
-4.865500269759222363e+01
-4.903570333425697214e+01
-4.659479439193622596e+01
-4.841990606911207351e+01
-4.862493926265344868e+01
-4.924061708339040422e+01
-4.945275425694226357e+01
-4.811150070293491865e+01
-4.740475573434832057e+01
-4.850747718686640297e+01
-4.829693223881384512e+01
-4.896533755586049352e+01
-4.944863897795404739e+01
-4.807048775900805992e+01
-4.936198109848790239e+01
-4.826213513000274702e+01
-4.994888270709218148e+01
-4.977880544903582916e+01
-4.964041314318015452e+01
-4.757665670204624320e+01
-5.004334177240026094e+01
-4.727124030468517901e+01
-4.931077474051394205e+01
-4.952284258917318027e+01
-4.771498376648106188e+01
-4.938683886339378404e+01
-4.975398058212840624e+01
-4.905316488032270428e+01
-4.868620237565918529e+01
-4.771868889234772837e+01
-4.782341477219451775e+01
-4.820853908489110040e+01
-4.882925714929941563e+01
-4.865363437434626093e+01
-4.833903152965643102e+01
-4.885276379872255603e+01
-4.995787317927798910e+01
-5.121739282334119991e+01
-4.981821102926792122e+01
-4.966618658711225009e+01
-4.918520865132214936e+01
-5.023728118377972862e+01
-4.967114043581668170e+01
-4.890482298934065142e+01
-5.012995976515519914e+01
-4.873587148290805970e+01
-4.949778961013794998e+01
-4.892006930767353623e+01
-5.000161169163645525e+01
-5.014942127218526480e+01
-4.941263021937378852e+01
-4.750273625106983388e+01
-4.966675495837543508e+01
-4.961059388782869206e+01
-4.906226467987125517e+01
-4.993131795768406533e+01
-4.921565293348128733e+01
-4.911399644493631200e+01
-4.761131421427379706e+01
-4.852725394268608028e+01
-4.673751840926454548e+01
-4.748372344407582091e+01
-4.832390979364203076e+01
-4.647229760949306865e+01
-4.770482120788316394e+01
-4.709610525861854313e+01
-4.676866014472685862e+01
-4.737162024561567364e+01
-4.665585960604300197e+01
-4.728324233329004755e+01
-4.687464241810278764e+01
-4.624632638767534587e+01
-4.604531920366478204e+01
-4.464192100151613829e+01
-4.520085981346972659e+01
-4.815782775238087510e+01
-4.668400244393128418e+01
-4.911609339821339404e+01
-4.717317075623257949e+01
-4.677468962256006080e+01
-4.743152865262264584e+01
-4.740494867001816459e+01
-4.863570310255722262e+01
-4.565188452442168909e+01
-4.822379634115092983e+01
-4.913371540551509042e+01
-4.759135572038893969e+01
-4.827116357791779677e+01
-4.709097217486863940e+01
-4.650064958229020817e+01
-4.990244768591588809e+01
-5.032171754193173285e+01
-4.944014067250511602e+01
-4.953659519718505777e+01
-4.861153693220546756e+01
-4.782548948926986299e+01
-4.616986765904722745e+01
-4.746592727826572400e+01
-4.844016321602180142e+01
-4.807935266445047517e+01
-4.963638519721885700e+01
-4.970656770880403741e+01
-5.085322658739807622e+01
-4.884287405962241735e+01
-4.867414058743928962e+01
-4.827868328433876854e+01
-5.002913131484301346e+01
-5.112603720570384525e+01
-4.957756169305262972e+01
-4.889973675713072510e+01
-5.003715523156847667e+01
-4.936888857557398325e+01
-4.993137397951470291e+01
-5.172331695584926337e+01
-5.046561394206965190e+01
-4.985123011368278156e+01
-4.965537198057953816e+01
-5.066804198682788041e+01
-4.788724942856200073e+01
-4.650846033109884559e+01
-4.968306963915477326e+01
-5.053151560358321603e+01
-4.955901448456524605e+01
-4.735697367172801364e+01
-4.852349867177947118e+01
-4.720475659740678509e+01
-4.809840774862431090e+01
-4.720795861483651379e+01
-5.017654393531353207e+01
-5.091035794184261221e+01
-5.059348380791738720e+01
-4.992854577646191672e+01
-5.022206990885515410e+01
-4.903207786275090996e+01
-5.003700321236725301e+01
-4.999488587198032974e+01
-4.931726746709474440e+01
-5.019824945707951258e+01
-4.902839359281485798e+01
-4.750187589228362839e+01
-4.822061623427934052e+01
-4.907835861912028719e+01
-4.906641569461035601e+01
-4.967700662022881630e+01
-4.981984144729009500e+01
-5.049614875328196462e+01
-5.056284615596702281e+01
-5.035660731148779945e+01
-5.011001339443102154e+01
-5.045107238895872115e+01
-4.920452313351634643e+01
-4.903616134383197078e+01
-4.870773648599131178e+01
-5.054555074299300799e+01
-5.055809460448139703e+01
-5.019935373960920799e+01
-5.031995743561770240e+01
-4.940722242903721195e+01
-4.787725121385846450e+01
-5.010710734248672793e+01
-5.103081614151256673e+01
-4.952330037984769717e+01
-5.094418450955069488e+01
-4.886751527738208978e+01
-4.872108568865274236e+01
-4.890325904537434809e+01
-4.896492312286240889e+01
-4.954687755837352370e+01
-4.904258258844495089e+01
-4.874807640229669659e+01
-5.088710898668446703e+01
-4.748559235154463920e+01
-5.047042847367903562e+01
-5.131369506510694833e+01
-4.796421686309550836e+01
-4.931270590387901365e+01
-4.997733798782032721e+01
-5.096250098091203284e+01
-5.125466462440605397e+01
-5.001831314446972243e+01
-4.974262063335195450e+01
-5.092232223202492492e+01
-4.805078357116035193e+01
-4.821837729067421208e+01
-5.179594884215607919e+01
-4.946876288360288498e+01
-4.990869406214527260e+01
-4.923184078601813951e+01
-4.939884376684554468e+01
-4.554324573608928972e+01
-4.675101161067007638e+01
-4.534503808843353312e+01
-4.668066190279817818e+01
-4.782398394604363290e+01
-4.671000109224681296e+01
-4.673833178569886826e+01
-4.977992969877447393e+01
-4.772540539247949454e+01
-4.827271505338441671e+01
-4.913024042527322877e+01
-4.946342233339639449e+01
-5.009850970500687595e+01
-4.893257744949021060e+01
-4.990502022360072942e+01
-5.072317530589523216e+01
-4.976804452370953413e+01
-5.059230227784511413e+01
-5.106125777420721334e+01
-5.156669026484505736e+01
-4.926061388874473579e+01
-4.809460912847760738e+01
-4.830837601269470127e+01
-4.759000547200238884e+01
-4.888402125713567159e+01
-4.877090325132760285e+01
-5.101377198473159780e+01
-4.747121909021949193e+01
-5.023692845018663888e+01
-5.106836938646058144e+01
-5.212822003595090337e+01
-5.099174151930110810e+01
-4.517774024010877554e+01
-4.601496952882968117e+01
-4.539108787261441336e+01
-4.833688411760117276e+01
-4.928565934853028807e+01
-5.046363932248110729e+01
-5.126346834008496955e+01
-5.097444446337964763e+01
-5.019382533996969897e+01
-5.195811249717758784e+01
-5.201525665320937719e+01
-5.164344076771283198e+01
-5.086749793807273079e+01
-5.105514749330795610e+01
-5.176299337923731514e+01
-5.128456640477399731e+01
-5.048211394569222676e+01
-5.100157072566855732e+01
-5.079518506595576355e+01
-5.150268693609790915e+01
-4.956951714796482378e+01
-4.959354764486752742e+01
-5.123667470306524763e+01
-5.168388520866975000e+01
-5.173817092461302281e+01
-5.287651611551542885e+01
-5.194521517213716777e+01
-5.236707521938225796e+01
-5.089009949466919380e+01
-4.655254136702133394e+01
-4.424205403733891018e+01
-4.544549386986000883e+01
-4.597391609608298069e+01
-4.292074933609703891e+01
-4.534257459109496580e+01
-4.531283863886545760e+01
-4.839710936006932229e+01
-5.010514699323036325e+01
-4.748800506564612078e+01
-3.913772273007401026e+01
-3.797013561271517545e+01
-3.616968821739378370e+01
-4.015687146428793142e+01
-3.726059302896774739e+01
-3.787790669333306681e+01
-3.877971019104066386e+01
-3.541663854334647255e+01
-3.275997897379721024e+01
-3.824368152255826203e+01
-3.376850946875172355e+01
-3.652527185871339555e+01
-3.129642085213768610e+01
-3.302496604516637291e+01
-3.701121376028400789e+01
-3.454195010732273374e+01
-3.380925117912484268e+01
-3.357831954333341429e+01
-3.357376408358740605e+01
-3.351100197684272075e+01
-3.242272350804847747e+01
-3.512727763203304931e+01
-2.888316594859889364e+01
-2.984933326586420677e+01
-3.058915887012052437e+01
-2.813357573104494591e+01
-2.801831956863736295e+01
-3.124550015021036842e+01
-2.820909247410548915e+01
-2.721234527847912688e+01
-2.006714318867785352e+01
-1.489147041364055646e+01
-9.549071052804688264e+00
-1.197912724853594568e+01
-7.600433653517711718e+00
-4.919501322273550414e+00
-2.935559313440754714e+00
-2.393088549676694932e+00
-1.882014908372046103e+00
-3.061869542103608399e+00
-2.279832556926169040e+00
-1.883804223005199230e+00
5.269039587112354894e+01
-8.021123846790741752e+00
-1.542182344769539881e+01
-2.614632653674881624e+01
5.021682864842742333e+02
1.937729258226390584e+03
2.795902114311759306e+03
2.709655752576542909e+03
2.822531337722989974e+03
3.269031207518806241e+03
3.437566614180823763e+03
3.330713539743498586e+03
3.371974400283384966e+03
3.065423292662076619e+03
2.719261120421336727e+03
1.360518500749222540e+03
5.871570007641425946e+02
7.056524885287551569e+02
7.087287257528328155e+02
4.908297913429152004e+02
4.317666606256473187e+02
4.654665202590022659e+02
6.246723183964357986e+02
8.883111190558033741e+02
9.534661738500878982e+02
8.124393967602261455e+02
7.417283151216332726e+02
1.156301424527936206e+03
1.443619168338560712e+03
1.472966472014647252e+03
1.706278458669961537e+03
2.478242031240977667e+03
2.816830264018857633e+03
3.057625491464063089e+03
2.706195468566523687e+03
2.533511938458210352e+03
2.644142090282377012e+03
2.511961223238992716e+03
2.578201064546485668e+03
2.569283615165771607e+03
2.552351530721768995e+03
2.452635557030084328e+03
2.639729959727766527e+03
1.935040589808841787e+03
1.705610203410547683e+03
1.487239648096415294e+03
1.695037470472396308e+03
1.919176070242549713e+03
1.968216288008802621e+03
1.724620198138735987e+03
1.542405511730547687e+03
2.380099748117978834e+03
2.312389303810246020e+03
2.833825430925444380e+03
2.833316358485091769e+03
3.173761923919561468e+03
3.227325448112190315e+03
3.247211611705070482e+03
2.773295253137389409e+03
3.115073598003758889e+03
3.447706106098941746e+03
3.726869340093841856e+03
3.757389322087724850e+03
4.009851395434190181e+03
4.138147231518727494e+03
4.189355080995177559e+03
4.329935097743767074e+03
4.119719609802126797e+03
4.263011317262766170e+03
4.389673994275923178e+03
4.606967947328629634e+03
4.676728120132380354e+03
4.477031691920150479e+03
4.633789548875483888e+03
4.929223792425503234e+03
4.906923402355595499e+03
4.941673875612830670e+03
4.840664021322829285e+03
4.516935911172888154e+03
4.199769190325702766e+03
4.117676776107800833e+03
4.391864733443193472e+03
4.435941140270340838e+03
4.731016918181971960e+03
4.845686176107778010e+03
4.773709895916542337e+03
4.830193545321853890e+03
4.694108302483170519e+03
4.551781737447719024e+03
4.675745376680079971e+03
4.444139409732013519e+03
4.133714311181804987e+03
4.012976899818602305e+03
4.227575016506057182e+03
4.161408486321914097e+03
4.228262728363365568e+03
4.079627035354659711e+03
3.763911792270353089e+03
3.605492123684287890e+03
3.728999791735386225e+03
4.142601907366937667e+03
4.165162334046078286e+03
4.449599003897854345e+03
4.637147758359245927e+03
4.677901640483969459e+03
4.705225672352559741e+03
4.883324782647133361e+03
4.843614981890251329e+03
4.547883559594059079e+03
4.293374775526778649e+03
4.651932251205788816e+03
4.838309824449198459e+03
4.684974769712622219e+03
4.712557200143385671e+03
4.625922893742696942e+03
4.703511668459584143e+03
4.584969351015481152e+03
4.784606795045058789e+03
4.759715875326539390e+03
4.854727894962466053e+03
4.909234805017415965e+03
4.728822123821970308e+03
4.689688293522649474e+03
4.604067203405643340e+03
4.590161270249774134e+03
4.450502449290116601e+03
4.753913923723823245e+03
4.982185271224519056e+03
5.035212323027032653e+03
4.818660649669008308e+03
4.563283816949179709e+03
4.652719978017378708e+03
4.569042578851151120e+03
4.311560359314825291e+03
4.045282373171725794e+03
3.747465747332023511e+03
3.528689207208792595e+03
3.310329252795375851e+03
3.320775496235314677e+03
3.406450546727440724e+03
3.410179035361228216e+03
3.355013939904306881e+03
3.373112060366496735e+03
3.246783694300177103e+03
3.000948260873990421e+03
3.657831046635442362e+03
3.813583236082812164e+03
4.383556592470170472e+03
4.566938125537290034e+03
4.338245821391287791e+03
4.789578285900473929e+03
4.882407267310016323e+03
5.093714859303196135e+03
5.281243153871929280e+03
5.084146057895079139e+03
4.931310258515610258e+03
5.106710433791791729e+03
4.912462698972811268e+03
5.102540773474992420e+03
4.903354773763492631e+03
4.960554980525017527e+03
4.817067930887994407e+03
4.902605729416054601e+03
4.683261698720189088e+03
4.660375067912897066e+03
4.871841560044261314e+03
4.571490730821503348e+03
4.269562435401114271e+03
3.828699788094575524e+03
3.584814440341084264e+03
3.514552415809560443e+03
3.322802385440619673e+03
3.339152001421163732e+03
3.790463070530639470e+03
4.392131762037661247e+03
4.469071701123327330e+03
4.860522554958922228e+03
4.933888622938683511e+03
4.790370673534630441e+03
4.796432403458420595e+03
4.665405032642506740e+03
4.589072053291802149e+03
4.314547339224957796e+03
4.020934357507054756e+03
4.001912617579284415e+03
3.897115450495462028e+03
3.822411931621494205e+03
4.002744598782694084e+03
4.058320027404057328e+03
4.178006230492707800e+03
4.652859278233891928e+03
4.658240087768307603e+03
4.598816812089231462e+03
4.544576967885206614e+03
4.489612591793799766e+03
4.608678563189856504e+03
4.553006293427109995e+03
4.489183228738332218e+03
4.443743299130010200e+03
4.561479105803106904e+03
4.541469054692190184e+03
4.842783516893198794e+03
4.853815948961960203e+03
5.012640295471598620e+03
4.946349122447898480e+03
4.930496211337914247e+03
4.891291267282960689e+03
4.876275072902994907e+03
4.765862013793439473e+03
4.539952119211778154e+03
4.803754613890518158e+03
4.648856661830202029e+03
4.597685132445778436e+03
4.666018310246709007e+03
4.587345822328638860e+03
4.654921974433449577e+03
4.615342793606757368e+03
4.748218457340294663e+03
4.580575467146113624e+03
4.576834817653726532e+03
4.596474658820751756e+03
4.690036311374393335e+03
4.778159532030360424e+03
4.835743458228146665e+03
4.781433079363235265e+03
4.885043596986186458e+03
4.732415423951540106e+03
4.811884792477525480e+03
4.780739934754038586e+03
4.790221646145394516e+03
4.717390901941198535e+03
4.708170173338176028e+03
4.488102822109617591e+03
4.510303760223012432e+03
4.214474224453154420e+03
4.094113235429241740e+03
4.279223434502021519e+03
4.349494985980379170e+03
4.451495741349922355e+03
4.357329479205692223e+03
4.034746642383660401e+03
3.859592893175904919e+03
3.803666874338472098e+03
3.583484326388924273e+03
3.772316880776128528e+03
3.696286171295187160e+03
2.730921658084171213e+03
2.941550141551657816e+03
2.827977658292849810e+03
2.665645526943415007e+03
3.130435690427679674e+03
2.707006865120660223e+03
2.866687242182529644e+03
2.917447948970941070e+03
2.846022304681498554e+03
2.808384617795420581e+03
2.937470385471443024e+03
3.521258622380341421e+03
3.841281185060357984e+03
4.046473456574717602e+03
4.339285237281005720e+03
4.846329931647385820e+03
4.810190563084691348e+03
4.864716192706171569e+03
4.995347098518827806e+03
5.058995959001985284e+03
4.909911744690285559e+03
4.783325558322093457e+03
4.851058564374042362e+03
4.968873388333748153e+03
4.841385179003272242e+03
4.756176150601926565e+03
4.487490403267040165e+03
4.556425587769714184e+03
4.666259524197368592e+03
4.838979714260250148e+03
4.687848999062510302e+03
4.694257711967728028e+03
4.716954668502468849e+03
4.676259213542175530e+03
4.652959984513737254e+03
4.960447545027813248e+03
5.002056835909492293e+03
5.163909527329275079e+03
5.169419584198622942e+03
5.084923344356235248e+03
5.127500063960219450e+03
5.124314505588063184e+03
5.146552806043644523e+03
5.181002205655279795e+03
5.211260704470914789e+03
5.058810807782879237e+03
5.109343346488699353e+03
5.161037794853322339e+03
4.884521235131773210e+03
4.952573794436222670e+03
4.768543194403057896e+03
4.611268734752422461e+03
4.654771256212411572e+03
4.555475960398349343e+03
4.659776864573163948e+03
4.547237752270239980e+03
4.453715945745430872e+03
3.477962925326884488e+03
2.978444235017534538e+03
2.355035744590828017e+03
2.009863476942932948e+03
1.528748881995863712e+03
1.026374963472816717e+03
8.770618104021518775e+02
1.121360219495659749e+03
3.685578106617868343e+03
2.533382136279046335e+03
2.107122354588409507e+03
2.205157110376324908e+03
2.927788856253031554e+03
3.167299614831038070e+03
2.826058182576839044e+03
2.410235423286608693e+03
1.927021029390303056e+03
8.338970608002472318e+02
8.124103915259262294e+02
6.223233550730697061e+02
4.037738382635259882e+02
1.564168067131060980e+02
1.346553809985222756e+02
5.279552804738845850e+01
4.353530200191625710e+01
1.239447524752517182e+02
1.611274215626893067e+02
4.000245462995185335e+02
7.847045352930232411e+02
6.621757735671193359e+02
1.137126103211498503e+03
1.393120447091846927e+03
1.887957678418368459e+03
2.123836522705732477e+03
2.482834890375787836e+03
2.965737335098817312e+03
2.978764237000188132e+03
2.790279790726320243e+03
2.594510462912564435e+03
3.028756230096503714e+03
2.561150770323511551e+03
2.735084369332056212e+03
2.590354234815743894e+03
-2.808061731539120842e+01
-2.838441112287890178e+01
-2.992563659338806659e+01
-2.632005572485964251e+01
-2.596438555593851305e+01
-2.259346784421172316e+01
-2.912727748919540360e+01
-2.577404741362413887e+01
-2.394525084824530836e+01
-2.902804579047617040e+01
-2.549520494668890080e+01
-2.769724619727031723e+01
-2.360656891938850421e+01
-2.530623403675193828e+01
-2.385840421115625176e+01
-2.130624681823546851e+01
-3.097024691909215832e+01
-2.840994109841335202e+01
-2.464474439989236387e+01
-2.876070413031832373e+01
-3.096761468120043048e+01
-2.803807509678341248e+01
-3.205364698582748417e+01
-3.208362072393883579e+01
-2.942199070318928023e+01
-3.387830162770386977e+01
-3.533501744713613846e+01
-3.757025465362080752e+01
-3.715649425001575423e+01
-3.291161023657632256e+01
-3.108861647002913386e+01
-3.430737402829560523e+01
-3.588396938672901371e+01
-3.376487340479450694e+01
-3.345185100269183920e+01
-3.576349109167055929e+01
-3.837594395844463691e+01
-3.233286464454372577e+01
-3.299029507330286037e+01
-3.237374223720535582e+01
-3.508546836915493117e+01
-3.729039844779310187e+01
-3.378768135736752498e+01
-3.711752002190159061e+01
-4.022947518303482184e+01
-3.526631369053190923e+01
-4.221704325352072829e+01
-3.484286711085422183e+01
-4.048847718353280101e+01
-3.230066303469627087e+01
-4.062113825057051741e+01
-3.341236758484791380e+01
-4.135093699299657288e+01
-3.552419108172016138e+01
-3.707459913246766803e+01
-4.595478498895785435e+01
-3.383751619103469466e+01
-4.227013767273783884e+01
-3.840311668897911801e+01
-3.590444149425810849e+01
-3.848019457761738238e+01
-4.211040058312647005e+01
-4.339595661104863211e+01
-3.752558631617106499e+01
-4.628544897986218842e+01
-4.034956032907946621e+01
-4.181535457988147186e+01
-3.973757871252732343e+01
-4.391296266996622677e+01
-4.194002529164506399e+01
-4.305299853862999981e+01
-4.355853299784307353e+01
-4.771577232948558134e+01
-4.382913286493931082e+01
-4.794304023738662579e+01
-4.673689704645021692e+01
-4.625641269815851331e+01
-4.516957827221290955e+01
-4.667448598692906359e+01
-4.824962299935636167e+01
-4.253999821900694656e+01
-4.763578762603434313e+01
-4.432637313438819149e+01
-4.329677113053389093e+01
-4.796501498619009141e+01
-4.589586824595647840e+01
-4.545455539250438903e+01
-4.461940258563096506e+01
-4.276381894273388440e+01
-4.020023479961005108e+01
-4.428599861491872502e+01
-4.830786940016188424e+01
-4.867706843179445997e+01
-4.811680908521449851e+01
-4.915045549171824035e+01
-4.972728068667715462e+01
-4.904908146720049444e+01
-5.058755272008450987e+01
-4.922425634179317910e+01
-5.088238723271938824e+01
-5.181430498278826491e+01
-4.983380527399096138e+01
-5.054704139829897258e+01
-5.172080884591594696e+01
-5.056135648136377370e+01
-5.162002634056521799e+01
-5.244583465082691731e+01
-4.990926307339392309e+01
-5.172220958079820718e+01
-5.146648908234433151e+01
-5.108407485919967428e+01
-5.101904894732493290e+01
-5.188005773015579081e+01
-5.174418874724039341e+01
-5.157976680124604485e+01
-5.171188944177644942e+01
-5.205868454388235733e+01
-5.137361203204330451e+01
-5.167109195164931634e+01
-5.152921445639705667e+01
-5.067075241403633612e+01
-5.172303286548162049e+01
-5.124497665849897743e+01
-5.160743133616928446e+01
-5.177312229308341784e+01
-5.199075619441801877e+01
-5.154403346387745444e+01
-5.205491345365058464e+01
-5.201873190526343649e+01
-5.151836830580393212e+01
-5.165425910285122058e+01
-5.142802648085122286e+01
-5.217247130514748932e+01
-5.167155913284315005e+01
-5.085221853872750586e+01
-5.164233887298138370e+01
-5.098514794946757434e+01
-5.206166785140722908e+01
-5.173784736241626803e+01
-5.241779276380724895e+01
-5.233185236452821698e+01
-5.231930749534107150e+01
-5.196641385687156856e+01
-5.215582263297450538e+01
-5.190046732668578500e+01
-5.193174279867602650e+01
-5.124345509325758030e+01
-5.157154673225129216e+01
-5.230623492151421061e+01
-5.171488235191444005e+01
-5.133362539098022381e+01
-5.214789196646569280e+01
-5.179632616042394488e+01
-5.173686898200531914e+01
-5.165877399460701724e+01
-5.167764264803360419e+01
-5.205497150958234442e+01
-5.192637955784414316e+01
-5.027633635596113493e+01
-5.146508265476911248e+01
-5.250534330769292524e+01
-5.135902235130651405e+01
-5.166025099567090706e+01
-5.177311653877048059e+01
-5.167794725822844981e+01
-5.171671101515840263e+01
-5.157954726835377102e+01
-5.238945642154782689e+01
-5.202465336259353990e+01
-5.266093467783020543e+01
-5.215655465397048829e+01
-5.179649156137136146e+01
-5.215352449572844051e+01
-5.206920706396812903e+01
-5.176122683650426382e+01
-5.156159491240926229e+01
-5.226181300524804385e+01
-5.236616284958019918e+01
-5.251078690116695924e+01
-5.194907575116356213e+01
-5.253924338662915972e+01
-5.232549011345322043e+01
-5.204308500218419198e+01
-5.218236599591160996e+01
-5.176137886589174997e+01
-5.148094255064310687e+01
-5.212564623722280288e+01
-5.240644660664752053e+01
-5.187685729822578651e+01
-5.209725057612735100e+01
-5.251308366307970488e+01
-5.193865328921488356e+01
-5.198508544615629745e+01
-5.256840819430212264e+01
-5.160712757239885917e+01
-5.201464784358290672e+01
-5.186410957338189576e+01
-5.255847629124325238e+01
-5.213288801565037289e+01
-5.210298652745838410e+01
-5.178746841320411676e+01
-5.205846796029265278e+01
-5.232675442439286684e+01
-5.204642847371719228e+01
-5.189988897892748554e+01
-5.261281546053944425e+01
-5.255373664802389300e+01
-5.277376114901721138e+01
-5.244707840776815289e+01
-5.260662492061320705e+01
-5.234022369026575916e+01
-5.232714596468362345e+01
-5.231308531247482563e+01
-5.300081809221167362e+01
-5.259236135589539884e+01
-5.195106021334279944e+01
-5.241957055040705882e+01
-5.238159438868792961e+01
-5.240457103913367831e+01
-5.279166478447130118e+01
-5.265804204488293294e+01
-5.228064090440470579e+01
-5.259993755542391369e+01
-5.301557771677531861e+01
-5.269134844206492119e+01
-5.242184912811454467e+01
-5.200260206723211809e+01
-5.226081385253579725e+01
-5.321289613319458311e+01
-5.281696206949504102e+01
-5.267772425469218689e+01
-5.246203570491429957e+01
-5.214495723529628890e+01
-5.227178455850632588e+01
-5.283546925746469469e+01
-5.246622404174652843e+01
-5.204947366008796195e+01
-5.266816357929632630e+01
-5.269519152122591521e+01
-5.195186853950623629e+01
-5.243677887210895250e+01
-5.241883991889470451e+01
-5.295355285246511556e+01
-5.254254932539119238e+01
-5.221597778353934416e+01
-5.253706379290809991e+01
-5.245772470532762100e+01
-5.198644729560984956e+01
-5.283714436867735742e+01
-5.236765790652050612e+01
-5.273620548052277712e+01
-5.219450404065915450e+01
-5.235218156755723840e+01
-5.180241255058942329e+01
-5.258237478289365185e+01
-5.265373571466160740e+01
-5.173909965548286038e+01
-5.219115866469543619e+01
-5.180748153403486356e+01
-5.196482433329900630e+01
-5.251843483144817526e+01
-5.178744086622825193e+01
-5.193758333142297801e+01
-5.236192486959145498e+01
-5.305112085736545424e+01
-5.276092424185183916e+01
-5.226016875618964974e+01
-5.208000894752397159e+01
-5.220982731859029968e+01
-5.272601403256813057e+01
-5.199916860238630534e+01
-5.251402473050428910e+01
-5.263507762155339265e+01
-5.264820085721733278e+01
-5.287983149122647575e+01
-5.262798254055307012e+01
-5.206987328035943108e+01
-5.228272802976152889e+01
-5.206689180917007320e+01
-5.208493562782991404e+01
-5.275924461878361882e+01
-5.296028721426145580e+01
-5.064495267763548014e+01
-5.144518028810684029e+01
-5.185936547179722567e+01
-5.246104608103388500e+01
-5.248102893042086237e+01
-5.225015032781151803e+01
-5.255746229451734308e+01
-5.273325051011725151e+01
-5.309703997217103932e+01
-5.246758750240993407e+01
-5.237140510257861337e+01
-5.294561757798024360e+01
-5.224934583018381318e+01
-5.283904866684935087e+01
-5.188836037252029598e+01
-5.251560868184013486e+01
-5.203892558291674675e+01
-5.206731130988089973e+01
-5.238327417922516815e+01
-5.248253504859665242e+01
-5.230828103329324108e+01
-5.224967987557749183e+01
-5.179351171110458552e+01
-5.256831008422425100e+01
-5.220042415792237023e+01
-5.232506397075912474e+01
-5.251862693098982504e+01
-5.188570439573145165e+01
-5.280638530890557547e+01
-5.204712140067167780e+01
-5.261578283658129607e+01
-5.145932388271910440e+01
-5.265988761107846727e+01
-5.268451886323875044e+01
-5.254338902541753953e+01
-5.229623541219097405e+01
-5.232432763195868120e+01
-5.250699591743479999e+01
-5.170868000236455231e+01
-5.264282335465878049e+01
-5.159940664164812318e+01
-5.154943863736432519e+01
-5.225300913586291784e+01
-5.239198185314315737e+01
-5.224104522717160393e+01
-5.141701522209133657e+01
-5.266066563894492703e+01
-5.186028411962483631e+01
-5.237743566736526901e+01
-5.280843677120964230e+01
-5.222902439637735483e+01
-5.355202737405420521e+01
-5.205613622153772013e+01
-5.294785890121055871e+01
-5.276897173918184336e+01
-5.219536706717730823e+01
-5.280351026518604840e+01
-5.198037123337365273e+01
-5.221301111004444806e+01
-5.280428014043034324e+01
-5.233913793129010372e+01
-5.256942068272708468e+01
-5.192608155701952910e+01
-5.145908560153969091e+01
-5.200938277661821019e+01
-5.226492912435089266e+01
-5.205554388013197809e+01
-5.270866217417665212e+01
-5.210409479923566067e+01
-5.227763097421000538e+01
-5.154401078829996408e+01
-5.237282747314183950e+01
-5.203483572825995651e+01
-5.253306626443766447e+01
-5.164997859557674076e+01
-5.191575377716238648e+01
-5.240207393456634577e+01
-5.255848633701926786e+01
-5.245451077752470326e+01
-5.217186077118578424e+01
-5.200052709483411917e+01
-5.255055916222315204e+01
-5.169064540998039803e+01
-5.291723708003982551e+01
-5.259838128858180539e+01
-5.178595157937571258e+01
-5.116411311801592632e+01
-5.126324047110139759e+01
-5.256596738459954565e+01
-5.308429133044558768e+01
-5.144724076784834921e+01
-5.150790959273214042e+01
-5.144083858017330613e+01
-5.204018468442618683e+01
-5.268642176438258673e+01
-5.239936327293410301e+01
-5.245848455937672838e+01
-5.146032383069927363e+01
-5.136530937028459221e+01
-5.151193865724584242e+01
-5.200770299601975921e+01
-5.228501534699536535e+01
-5.271874432121958165e+01
-5.209549298722332367e+01
-5.228822504573683716e+01
-5.232458868548968667e+01
-5.272301513882687374e+01
-5.271745044578148764e+01
-5.275811931237848285e+01
-5.279883238297022530e+01
-5.131188524656842986e+01
-5.231423122886112509e+01
-5.228104433757641800e+01
-5.225348338359675893e+01
-5.247950455977496631e+01
-5.185944412772771273e+01
-5.124036130993540894e+01
-5.205867641611624208e+01
-5.241004946751981919e+01
-5.197193368171401318e+01
-5.047100304323338094e+01
-5.226015178548560414e+01
-5.234695336853160086e+01
-5.290640529155716365e+01
-5.194455578527886530e+01
-5.186970536836074785e+01
-5.290830195686769599e+01
-5.211121093859334508e+01
-5.273553081503472129e+01
-5.281965134490717162e+01
-5.284140619443598297e+01
-5.263106558486038011e+01
-5.238344809266877888e+01
-5.249842199587088487e+01
-5.246811761203877467e+01
-5.183811975175599684e+01
-5.156247811913561208e+01
-5.261751275054329824e+01
-5.240774782211718730e+01
-5.236955949728844217e+01
-5.175257323252616004e+01
-5.270150913230386180e+01
-5.134618916700209468e+01
-5.196591066605884635e+01
-5.269846479073596868e+01
-5.188992209476835882e+01
-5.196632004267206639e+01
-5.168970677069329867e+01
-5.280211068617843040e+01
-5.272087343608392018e+01
-5.191943523763967505e+01
-5.261644081104382309e+01
-5.251281850829398934e+01
-5.258618845420610199e+01
-5.210283185378667525e+01
-5.202340248565047176e+01
-5.161173949947318107e+01
-5.194310608768767423e+01
-5.272138779117630492e+01
-5.182170911292018189e+01
-5.161707001418383101e+01
-5.176505350502677771e+01
-5.271213313103076814e+01
-5.190463078941535002e+01
-5.277809003195481807e+01
-5.265808695766911285e+01
-5.282327469946909559e+01
-5.230926300482834534e+01
-5.225785792929386275e+01
-5.199881504193206894e+01
-5.248857235613229477e+01
-5.267400730493056216e+01
-5.219014292344219541e+01
-5.218048539917790407e+01
-5.237339218135019081e+01
-5.247108396785001361e+01
-5.174980948045651985e+01
-5.176251226741210587e+01
-5.215027412434753273e+01
-5.179189799135289007e+01
-5.204439240729442417e+01
-5.152817275631838356e+01
-5.138704185356795051e+01
-5.180941547796643221e+01
-5.238224841680107602e+01
-5.196430842849738241e+01
-5.149445992572763231e+01
-5.112350446204117560e+01
-5.202091160911834322e+01
-5.246551163685150954e+01
-5.192385194117901648e+01
-5.230220367098429790e+01
-5.223152586214202131e+01
-5.220220436341617898e+01
-5.287181572000506691e+01
-5.303854019456794333e+01
-5.188767578194067909e+01
-5.175120118088073440e+01
-5.231856752430687152e+01
-5.143052946243098944e+01
-5.163426258243445233e+01
-5.227673469765473158e+01
-5.307484977377939117e+01
-5.251571171814264716e+01
-5.163057867435711046e+01
-5.294106952162032798e+01
-5.240149812414178854e+01
-5.221045758323358399e+01
-5.147490116832365459e+01
-5.140094231889748499e+01
-5.253770461443410511e+01
-5.256850585586399660e+01
-5.230113079306863000e+01
-5.158390242401583237e+01
-5.229936673023577498e+01
-5.210036895791649414e+01
-5.121310100973160218e+01
-5.156901256418495194e+01
-5.221271813708955989e+01
-5.249288056972836358e+01
-5.254955400618524664e+01
-5.240643251719347973e+01
-5.273732492745871525e+01
-5.248135578529366541e+01
-5.250021751729669006e+01
-5.218463119555421059e+01
-5.131229758376564121e+01
-5.220445276651005173e+01
-5.164978664653136065e+01
-4.829170863241359513e+01
-4.222127839675812311e+01
-4.370439687365957582e+01
-3.830570708949623082e+01
-3.150177995968783051e+01
-1.317476652275283655e+01
-7.904991526484034914e+00
-6.382922104804989338e+00
-5.514420209791928151e+00
-5.724074327987935362e+00
-2.194759794478672976e+00
-2.698683665059064207e+00
-2.012396916390390977e+00
-1.326962822370924124e-04
-1.735177187483855783e-06
-5.932438851850167131e-07
-4.558493865319425166e-06
-1.712849417024199017e+00
-1.410634612970563850e+01
1.547147914934983532e+02
6.093199155048080229e+02
1.702099016510848742e+03
3.587556958357222811e+03
3.815661421010793674e+03
4.502708218862332615e+03
5.015491397435362160e+03
4.927933904108108436e+03
4.727406400095288518e+03
4.647591486087445446e+03
4.612150909233718266e+03
3.996244743941292654e+03
2.913108356744905905e+03
2.992094302694505586e+03
2.472589469773356996e+03
2.285992829259322207e+03
2.504779662679070952e+03
1.701096100781374844e+03
9.629264035359744867e+02
2.193360171736591440e+02
2.607965848243222240e+02
4.248551213062542047e+02
1.178158095320304483e+03
1.251347414007389716e+03
1.863095621812929949e+03
2.363505320027323251e+03
2.748295264720813066e+03
3.080636605756223616e+03
3.092141458817562579e+03
2.524631143764964236e+03
1.749782613054611602e+03
1.565409829538678650e+03
1.047142176648199438e+03
4.790610349943893311e+02
1.142855684742436324e+02
1.023967402956787396e+02
1.054059811147863144e+02
6.373119267026593349e+01
3.392788420800584959e+01
1.393425771650518641e+01
1.099667811143928420e+00
1.629782102874990457e+01
1.017411988507111253e+01
4.150216979552131846e+01
2.232981742902585154e+02
2.573607977744817958e+02
2.732168911552741406e+02
1.836426619874355310e+02
2.711627150099703840e+02
6.429193318446237981e+01
1.641438873209940823e+02
2.414475714651808573e+02
2.523880915351597309e+02
3.253732497312961414e+02
8.238933489882322192e+02
6.996046466861907902e+02
4.861364519509023125e+02
1.478200685673010639e+02
8.308105556237228484e+02
1.016269928802800678e+03
1.177403338313095219e+03
7.207442938045672918e+02
4.526537551385337110e+01
6.554640365577745342e+02
1.161518039063739707e+03
6.601903357358663698e+02
-9.122331487004430528e+00
-2.786406090887232900e-01
-4.546936799678277907e+00
-1.733853254688744983e+01
1.473191886515675186e+01
1.276290400132378551e+02
4.011647662149661073e+02
1.235086303095689964e+01
-4.295016242795526296e+00
-5.854828751284822941e-01
-4.200288231976007758e+00
-1.102569430784600613e+01
2.927554517426264269e+01
-2.345044387494557458e+00
-8.179337314009985649e-01
-1.899298475034926437e+00
2.770865814224268142e+00
1.065092872794417076e+02
2.149615967707823074e+02
4.835839901803429370e+02
7.476095131305766017e+02
7.485101608450603408e+02
7.241403919254390757e+02
6.114688897737354409e+02
6.110689538151972329e+02
9.137866873588988028e+02
8.808485240545783199e+02
7.997518118248218570e+02
6.125010862776464364e+02
3.809230204035176257e+02
1.605729287683240045e+02
1.573719759558751150e+02
1.921885141487991859e+02
2.233550234995080928e+02
3.395899108560676609e+02
3.252084927371956269e+02
1.458710586981768529e+02
9.427967639894559682e+01
2.494135184579649263e+02
3.747626925277041892e+02
9.453564994768106544e+02
1.074200444641562171e+03
1.143499194102754018e+03
1.342491557262636434e+03
1.057843735257874187e+03
3.812369953707847117e+02
6.097789759058238133e+02
1.402629932573654742e+03
9.179891611776140508e+02
1.568390002733961808e+02
7.440433727747861781e+01
-1.365918259088976461e+00
-2.183232064690308949e+00
-2.008457638268442924e+00
2.867560117400265440e+01
-1.470405957882219106e+01
-2.210170262038927191e+01
-4.366525575551029270e+00
8.826315812827732543e+02
3.735439102848636708e+02
7.434001983490308874e+01
8.063681687089649586e+01
3.063915372266689587e+02
3.198141166168839504e+02
1.396526067934031801e+02
4.376506549478683894e+01
1.115439908499177193e+02
6.828968605340283204e+01
1.399775622915796873e+02
1.088593696629697405e+02
7.006809184655838862e+01
3.910590386095276472e+01
8.272365156232936556e+01
4.256535098166372677e+01
3.821142365660103479e+01
2.154182244051590800e+01
4.452955522755422635e+01
5.537376014489094445e+01
7.415715474215051017e+01
1.615652755634267237e+02
3.517902952642653531e+02
1.299399934961522376e+03
1.820774901847403498e+03
2.197910069732794454e+03
2.063790763137752037e+03
2.321740329539269624e+03
2.377122713158090392e+03
2.017935818488138466e+03
1.306801651295472539e+03
8.192880794370524882e+02
4.848465303025188859e+02
7.569061476541011189e+02
7.414101794523563740e+02
3.756741132725472880e+02
4.784600401082973349e+02
3.050200819291668495e+02
1.900316294685017056e+02
2.722743994134442573e+02
2.189561048678636439e+02
1.319709558521987276e+02
2.475508776567835980e+02
2.255767274090406715e+02
2.611945577978106030e+02
3.056069323952079344e+02
3.803328644855926086e+02
3.644396599195226258e+02
4.495507551603743650e+02
4.084567800511934479e+02
5.492616648658353142e+02
6.202961421507217210e+02
1.093743469404926827e+03
1.365653270771226062e+03
1.646097965086301883e+03
1.763633260642398682e+03
1.544561527876416449e+03
1.404141363996211794e+03
1.394712347745576380e+03
1.567586029015592658e+03
1.497033358291331751e+03
1.285753683197486225e+03
1.256117781692709968e+03
1.100044197350118338e+03
-2.107596840475941846e+01
-1.803685067750255655e+01
-2.216051360744883070e+01
-2.284443042912853272e+01
-2.492598089597466071e+01
-2.210453001405500828e+01
-2.851104649582649486e+01
-2.314566947945455766e+01
-2.264671841678024578e+01
-2.079230921504563767e+01
-1.838690729084274977e+01
-2.386786080158837819e+01
-2.513772969118145184e+01
-2.481348355868066591e+01
-2.158903078430392597e+01
-2.560024464164429503e+01
-2.338189222720849259e+01
-2.503321977626677608e+01
-2.362519120198426492e+01
-2.486066951112163892e+01
-2.355942226287929131e+01
-2.718371510365150456e+01
-2.836261954540875507e+01
-2.303989179517241581e+01
-2.644859192064066278e+01
-3.053237093322988827e+01
-2.878598774499596402e+01
-2.836710695391052539e+01
-3.280686216338361305e+01
-3.244502154010249484e+01
-3.606393491047592903e+01
-3.440128879312371879e+01
-2.882481585789504663e+01
-3.509027670741092919e+01
-3.404255272098257024e+01
-3.238865848117215762e+01
-3.400638620887735186e+01
-3.597202541273082943e+01
-3.307507608678719890e+01
-3.676254995758815625e+01
-4.053189313954374029e+01
-3.912855096828432977e+01
-4.082299398587322514e+01
-4.043964544266962235e+01
-4.098482199720936592e+01
-3.961589863442558368e+01
-4.293228311879668269e+01
-3.784980722532427677e+01
-3.956577865531074423e+01
-4.115382189970655702e+01
-3.943375737008030057e+01
-3.669771128102460267e+01
-3.856707575672395194e+01
-3.905249714665615812e+01
-3.671200605797149308e+01
-3.704372575990375083e+01
-3.802290812029266931e+01
-3.751289626817273870e+01
-3.932987040858724725e+01
-3.852255702840761842e+01
-4.596486913074624425e+01
-4.095691757318905957e+01
-3.938524820005155647e+01
-3.767933869273229419e+01
-4.116581493830136651e+01
-4.150559604304973504e+01
-4.601055584559095024e+01
-4.455239970726695731e+01
-4.254179070073170266e+01
-4.358859066806292049e+01
-4.239334015588392646e+01
-4.560259964279116929e+01
-4.211511214206100107e+01
-4.386434902722350415e+01
-4.563185926873063636e+01
-4.480155651428340491e+01
-4.131712523852258556e+01
-4.658032021379150933e+01
-4.630906492864927770e+01
-4.573530568494606285e+01
-4.701600120044667364e+01
-4.807209492603921319e+01
-4.483733829886360667e+01
-4.876916190659646588e+01
-4.621082152480161653e+01
-4.739951795677696822e+01
-4.869932153240852557e+01
-4.312067114097919784e+01
-4.735899909275402564e+01
-5.078514593007748346e+01
-4.910505522273142276e+01
-4.935315737501177580e+01
-4.749173407001244840e+01
-4.653886860559156702e+01
-4.927682889217128803e+01
-4.835344581585090395e+01
-4.734801053811124660e+01
-4.832814708494299794e+01
-4.967828491734863405e+01
-5.001451078646064019e+01
-4.943713126336627539e+01
-4.846384986971585107e+01
-5.165834055958948312e+01
-5.048496989916250755e+01
-4.929597719640011633e+01
-5.063849084391973321e+01
-5.198005210440927470e+01
-5.143410164023934072e+01
-5.006121132987954780e+01
-5.160403392958976099e+01
-5.135432442232465888e+01
-5.032772795289538692e+01
-5.127638758905936811e+01
-5.168553766293012330e+01
-5.125535613192945306e+01
-5.240983111419007656e+01
-5.172502318348113448e+01
-5.212844787564547744e+01
-5.188991237326948180e+01
-5.126602596440479687e+01
-5.161429033777076825e+01
-5.213092909416167942e+01
-5.248857941584769549e+01
-5.232220506006392924e+01
-5.238356690328986076e+01
-5.230757983486439855e+01
-5.204042954582678249e+01
-5.208948249779088968e+01
-5.258682134931102325e+01
-5.209453844985625892e+01
-5.227786733845015021e+01
-5.229750261201557038e+01
-5.211058720798617827e+01
-5.263804958577549797e+01
-5.252032348426541830e+01
-5.155140112042224843e+01
-5.220533815005826028e+01
-5.246170640738439062e+01
-5.272046997217869801e+01
-5.242958529366255505e+01
-5.296968991372123270e+01
-5.223214990770541277e+01
-5.286432695771431156e+01
-5.215761384238022913e+01
-5.142194003824162962e+01
-5.249529665950345247e+01
-5.175254805886551424e+01
-5.224683646800489356e+01
-4.955503611138652786e+01
-4.866988870425517888e+01
-4.968575069003394873e+01
-4.874875788305247681e+01
-5.183918556266898747e+01
-4.992083796153523423e+01
-5.177670820189499779e+01
-5.172338607479170491e+01
-5.168263898376947907e+01
-4.944458480379140752e+01
-4.813053380269267478e+01
-4.842153307499056325e+01
-4.872909804079613139e+01
-4.589544383240750847e+01
-4.936843842490693390e+01
-4.725500177235447552e+01
-4.830446881933153946e+01
-4.971535295621693962e+01
-5.013023894900006638e+01
-5.129051915738769907e+01
-4.979610489788931460e+01
-4.924649629339846513e+01
-5.015612816145853969e+01
-4.982253329400091957e+01
-5.217421094144187776e+01
-5.203475917442450793e+01
-5.085771170162446708e+01
-5.236098776389386700e+01
-5.122108628951170317e+01
-5.130828276755372741e+01
-5.163884272471945280e+01
-5.216940226285476712e+01
-5.184734183675089270e+01
-5.200245199027670395e+01
-5.229079527295698426e+01
-5.181766058952641174e+01
-5.169190213097989073e+01
-5.108201639808773109e+01
-5.181963987349704581e+01
-5.172470763051986609e+01
-5.211689149234022977e+01
-5.199276496983152640e+01
-5.218118471692275051e+01
-5.119505348744428375e+01
-5.159836089934427861e+01
-5.148228380411624983e+01
-5.251258193325946166e+01
-5.198587527912982864e+01
-5.073431190611708530e+01
-5.074183351892646243e+01
-5.086845095033386599e+01
-5.263304382852558660e+01
-5.247640513636162041e+01
-5.189214724125189804e+01
-5.204278391506991852e+01
-5.045715998580591588e+01
-5.080491369635536358e+01
-4.901434006404811328e+01
-5.033422267184571552e+01
-5.021969066922240188e+01
-5.029314054200780504e+01
-5.011836146227800270e+01
-5.102440552969402887e+01
-5.081931105618741640e+01
-5.145102959481781113e+01
-5.094548689532796004e+01
-5.189189716115046735e+01
-5.170223654939004376e+01
-5.076509964559750898e+01
-5.184432751757830005e+01
-5.182549868190113074e+01
-5.189942862049808525e+01
-5.206099684234692404e+01
-5.196956401720299112e+01
-5.225450030556521597e+01
-5.143231536739807552e+01
-5.201122153075560561e+01
-5.220966854416737135e+01
-5.100027363348552001e+01
-5.213441759225802485e+01
-5.222119673144018748e+01
-5.249827856581448060e+01
-5.149415715918573966e+01
-5.259096940060548064e+01
-5.202811613808827218e+01
-5.229201569453438481e+01
-5.256170593249200351e+01
-5.147763066694351863e+01
-5.149830697452505746e+01
-5.165397946294657316e+01
-5.179016781443979056e+01
-5.041002567654979316e+01
-5.085048097499610265e+01
-5.095714244047988473e+01
-5.073015973034220849e+01
-5.176475669939252100e+01
-5.147564370144948498e+01
-5.073626709372337729e+01
-5.086179919436548857e+01
-5.168935877384592459e+01
-5.010560346651291042e+01
-5.133024893429534075e+01
-5.175985529131398977e+01
-5.143419077050084809e+01
-5.110295954221561487e+01
-5.028728153363964992e+01
-5.131694073773662979e+01
-5.030026647816888641e+01
-5.113893110920112406e+01
-5.062942538681320315e+01
-5.208192349320611214e+01
-5.144853345189825689e+01
-5.137774580772249067e+01
-5.153900584782783767e+01
-5.149800469820228699e+01
-5.148976897699674282e+01
-5.246593077872243782e+01
-5.108556301054145621e+01
-5.225418183623841628e+01
-5.129746172395348935e+01
-5.203570424238546366e+01
-5.162865166562949781e+01
-5.100188001321834719e+01
-5.194269005416445140e+01
-5.148663375617292814e+01
-5.185965143514043518e+01
-5.212653547795333964e+01
-5.113896244015365511e+01
-5.204030579445319660e+01
-5.201267222703619808e+01
-5.220453490260575791e+01
-5.225057055299029685e+01
-5.211157293906167354e+01
-4.805869696164316451e+01
-5.146014352291769001e+01
-5.121080266351298604e+01
-5.227512863356201223e+01
-5.142014161800773309e+01
-5.027939447754867786e+01
-5.143648119130528329e+01
-5.177215051600543916e+01
-5.177521157928030959e+01
-5.234397653907975467e+01
-5.161988455185950642e+01
-5.208792884598044282e+01
-5.210657558378454723e+01
-5.209256063776369672e+01
-5.241902976486037602e+01
-5.208710483077167197e+01
-5.184928514179367198e+01
-5.186003013443129106e+01
-5.188906956337526566e+01
-5.229040202740002030e+01
-5.216839257959832565e+01
-5.272465707189494566e+01
-5.271826459154963374e+01
-5.236079540936005827e+01
-5.137822973902935075e+01
-5.179406202383587754e+01
-5.207871918163578329e+01
-5.183929310157201797e+01
-5.225887793168494966e+01
-5.176719748070476612e+01
-5.239057948440790824e+01
-5.220662536055615277e+01
-5.250933774642647478e+01
-5.233079316662339409e+01
-5.215564057367632955e+01
-5.161818806169303997e+01
-5.218300583576856155e+01
-5.194657791775796341e+01
-5.175172156302144799e+01
-5.178908918492676605e+01
-5.228097331289803407e+01
-5.264546886334928644e+01
-5.277570801746676210e+01
-5.204447211044790578e+01
-5.220191513755969481e+01
-5.238613965560122665e+01
-5.275505487834137597e+01
-5.238428087564054181e+01
-5.246333906163138749e+01
-5.231084396373235990e+01
-5.239600292478509402e+01
-5.215900841218929429e+01
-5.207881490236674438e+01
-5.204367602914158653e+01
-5.256312281567745259e+01
-5.223381710486737717e+01
-5.233649601156241715e+01
-5.189560559012916485e+01
-5.176723151645182242e+01
-5.300958842379000657e+01
-5.185654785077631601e+01
-5.261834278665234876e+01
-5.226631387777037219e+01
-5.255895738687173946e+01
-5.187880438739932032e+01
-5.267028224520673518e+01
-5.213985053966472094e+01
-5.205134056598357972e+01
-5.259753359049361165e+01
-5.205961662732319439e+01
-5.207928443806765983e+01
-5.222154361581385018e+01
-5.260172871947573014e+01
-5.148818049930741125e+01
-5.143149188818237860e+01
-5.180092363655102616e+01
-5.122141003394084890e+01
-5.143560907317209541e+01
-5.189634442115447399e+01
-5.228146963247076684e+01
-5.120159883339493945e+01
-5.237855727921459703e+01
-5.169075650651815579e+01
-5.121416792634204285e+01
-5.229231495165091559e+01
-5.213388894435787790e+01
-5.213442458343298114e+01
-5.218944236538359860e+01
-5.176447447180272121e+01
-5.185760478465380174e+01
-5.149752386826002493e+01
-5.091752243998752903e+01
-5.136650412459079007e+01
-5.224199088729786666e+01
-5.083672477105986331e+01
-5.197051543994908940e+01
-5.219320138467659831e+01
-5.152197805855319501e+01
-5.203195218578109404e+01
-5.168552460249998859e+01
-5.128772379851614716e+01
-5.249275310363849201e+01
-5.211145323303949795e+01
-5.179542897280258984e+01
-5.143248251457215048e+01
-5.166720580661342410e+01
-5.131413642044892498e+01
-5.178147753925254193e+01
-5.087314394483431101e+01
-5.100500821722852862e+01
-5.063156650187720231e+01
-5.110505599256874376e+01
-5.188791553609467400e+01
-5.239728638641916092e+01
-5.078319162283283106e+01
-5.058731786250006479e+01
-5.118358943976188158e+01
-5.163232286825373762e+01
-5.161832917166790935e+01
-5.166186160076943423e+01
-5.083018830385963582e+01
-5.154201277314633245e+01
-5.219168395234169111e+01
-4.637660442104049707e+01
-5.070662961808974245e+01
-5.165170538814323464e+01
-5.091853732771155450e+01
-5.273188287937532692e+01
-4.898135842077522284e+01
-3.354761579846113051e+01
-3.862976175602776152e+01
-5.168615724125577060e+01
-5.122397204641571022e+01
-5.247836000729807182e+01
-4.136249010181259678e+01
-2.404795572034455731e+01
-3.903041289541558712e+01
-5.222586880499834194e+01
-5.082734055283051333e+01
-5.199618052697847048e+01
-3.417976654167098616e+01
-2.071381963779838387e+01
-4.546959631298155813e+01
-5.076334963888936613e+01
-4.804062002958919209e+01
-4.358331457675551945e+01
-5.264343036934196363e+01
-5.133402444527637698e+01
-4.935165498271791762e+01
-5.163790631861861868e+01
-5.199483727055768867e+01
-5.214063921710175720e+01
-5.165402279407651065e+01
-5.237325907934457092e+01
-5.240679769111173414e+01
-5.241969245318145454e+01
-5.269840143571826019e+01
-5.227604629492275023e+01
-5.280517309648823954e+01
-5.207106529238456716e+01
-5.265230024501084216e+01
-5.202185308253763907e+01
-5.176002203377139210e+01
-5.236737402369478644e+01
-5.173332183753876734e+01
-5.205181241062781794e+01
-5.135595231275401318e+01
-5.142911053454569270e+01
-5.189401866650044326e+01
-5.076362814118724032e+01
-5.180337435887035724e+01
-5.231052916689320398e+01
-5.150752052738585007e+01
-5.076713238733525202e+01
-5.209546263910940667e+01
-5.210097929439207576e+01
-5.151261698549977552e+01
-5.294250587502170191e+01
-5.228490383472961867e+01
-5.267149551221814363e+01
-5.251818296329507518e+01
-5.136788745068243145e+01
-5.188886070238303461e+01
-5.049666080485853570e+01
-5.215168141986470118e+01
-5.304231074240887978e+01
-5.236932837015108078e+01
-4.946307669430179033e+01
-4.959148951913358871e+01
-5.022151785050480299e+01
-4.828773352921253093e+01
-4.359248640907130579e+01
-3.561954770402844161e+01
-3.329015449427113538e+01
-3.805362582293928853e+01
-4.002300020227099253e+01
-3.522694462057023657e+01
-3.318575013770974635e+01
-3.352540019229828516e+01
-1.360126107466286349e+01
-9.427422654611397945e+00
-8.086354336391085695e+00
-8.830950987748028780e+00
-1.069883763557620604e+01
-1.049043545878145345e+01
-6.920639054574069249e+00
-8.532827900645536090e+00
-7.789770134262266055e+00
2.277974931198947615e+03
3.716440795184113540e+03
4.409109828434331575e+03
4.550994546613888815e+03
4.885056214680761514e+03
4.486350966518516543e+03
3.600966125093287701e+03
2.853395453936017930e+03
2.773152842377467096e+03
2.601653874087765871e+03
2.548593341850625620e+03
2.743793866430666185e+03
2.710677338706057071e+03
2.662545926962227895e+03
2.600336112640768079e+03
2.393622471009447509e+03
2.616657478516268384e+03
2.620378486891179818e+03
2.788699221024452982e+03
2.683127284466992933e+03
2.246740339825510546e+03
1.932430024942314276e+03
1.737446824792702728e+03
1.518869838995109376e+03
1.433348821346075511e+03
1.163924069622410570e+03
1.323317201079135430e+03
1.410327604323478226e+03
1.352198932056151762e+03
1.325253520765706753e+03
1.212152305960759122e+03
1.187523218400344604e+03
1.157792867015598176e+03
1.180152680627714972e+03
1.077384233208842261e+03
9.878549978660328179e+02
7.531518968480511376e+02
6.464808595219136578e+02
7.285506478370372179e+02
6.867399604715553778e+02
6.293013963684433065e+02
5.476516155127150114e+02
5.747911887645130946e+02
5.624753591627429614e+02
5.744095630698991499e+02
5.434204154862152336e+02
5.508373562261650704e+02
6.288723623199105077e+02
5.655014150108340800e+02
6.311658827204107638e+02
5.640871807226487817e+02
4.938274321760076759e+02
4.576576476283725015e+02
4.277039983275303712e+02
3.836982703990684627e+02
4.965973719692156010e+02
5.106433726271578735e+02
4.824677921784131058e+02
5.541337859662844494e+02
7.173218614766777819e+02
4.751737793651842594e+02
6.417458034699570817e+02
5.871456859182546850e+02
6.210395891335522265e+02
6.680443596405661992e+02
5.196618740924139956e+02
5.354964501077174646e+02
7.510545905835068652e+02
8.396872903459830013e+02
9.405445281608876940e+02
1.207586975828487994e+03
1.300524100324895699e+03
1.113379822308370649e+03
1.164041773386021305e+03
1.223053171656396216e+03
1.326122941648962978e+03
1.406222795771535857e+03
1.280392810066234688e+03
8.451693611499090366e+02
6.660175725725833900e+02
6.959983019727892497e+02
6.724087751593699522e+02
7.661528546766904810e+02
8.742517131986447794e+02
9.952759630229104459e+02
9.330674418772716763e+02
1.003976110545918573e+03
9.050897202270732578e+02
1.027298025884722847e+03
1.363064405211459189e+03
1.545810187970835386e+03
1.614257155297630788e+03
1.807786879304594095e+03
1.767204645522240526e+03
1.744651801097455063e+03
1.656689077522935122e+03
1.805268288235173031e+03
1.871000823736494567e+03
1.845216827929828696e+03
1.956970599778843962e+03
2.058982908404656428e+03
1.862273731274681040e+03
2.060201584207946325e+03
1.837271068983132636e+03
1.751113451031674686e+03
1.784703660861058552e+03
1.506324711116924618e+03
1.829854355988929228e+03
1.895955340431496552e+03
1.925860675872670072e+03
2.051250595413328028e+03
2.106280523301828907e+03
2.157314497663135171e+03
2.137068577743055812e+03
2.097050578698943809e+03
2.092504777746729815e+03
2.135718570220408310e+03
2.064925526327745047e+03
2.376559275669036651e+03
2.436082382325582330e+03
2.419103031788401950e+03
2.179734173712497977e+03
2.287364089291994787e+03
2.379331692886300061e+03
9.843590322158262325e+02
4.947404590343620043e+02
4.374760462659916129e+02
8.394770425386718671e+02
1.321449582023736639e+03
1.404906505711508771e+03
1.694031814433457157e+03
1.992618250302444721e+03
2.125931492355271985e+03
1.457037314574429502e+03
1.441894542887223224e+03
2.110926676830827546e+03
1.743479275250288310e+03
1.605355750031711295e+03
1.569890894339413535e+03
2.283705209261978780e+03
3.020705135313944993e+03
2.756480761401382097e+03
1.332880976544106261e+03
4.359663991109180756e+02
2.904097987096034217e+02
1.101565105682381471e+02
4.076896727117858177e+01
3.651612272888728512e+02
1.126894041787676315e+03
1.490092613737565671e+03
1.045051057156755633e+03
6.978545763160946080e+02
7.604495050057173557e+02
9.629321942299455941e+02
1.040616421219909853e+03
9.771690370105224019e+02
8.326074887084615739e+02
6.510619668427439137e+02
7.863149656798772185e+02
5.841422117805815333e+02
6.114058383718273717e+02
5.544919579553402400e+02
7.214389510490321982e+02
7.135765089946884245e+02
8.369733121819107282e+02
1.138421021447393969e+03
1.378337466630074232e+03
1.476777993139571208e+03
1.540450962894743952e+03
2.001422307263060247e+03
2.193851501945418931e+03
2.344804830757610489e+03
2.362879631225566754e+03
2.322949174111508910e+03
2.097458117229882191e+03
1.597036472156056561e+03
1.229114917624866166e+03
1.041920631378582357e+03
1.072727229201576165e+03
1.152988524602044208e+03
1.186925569383264929e+03
1.473407797886571188e+03
2.145378456013202140e+03
2.180991588954259441e+03
2.493059326181919914e+03
2.887353524461003872e+03
2.836982511681172127e+03
2.699137592337443493e+03
2.609124273204386100e+03
2.818640586736876685e+03
2.961229174016509660e+03
2.656725481891136951e+03
2.479784180282897069e+03
2.391817550696582657e+03
2.247507350338679316e+03
2.357946965521555740e+03
2.361048660052929336e+03
2.368539982824497201e+03
2.374852529827105627e+03
2.376955589604523993e+03
2.559992864314228882e+03
2.286785332550994553e+03
2.553042888591715382e+03
2.622428934381200634e+03
2.883606274167969332e+03
2.896851857876657050e+03
2.997640894518515324e+03
2.733488005519419403e+03
2.614716881024187387e+03
2.165331015876383844e+03
2.341806817361183676e+03
2.316349831998517402e+03
2.243499378986120973e+03
1.941985588155153209e+03
2.164123293177253800e+03
2.217495954643944060e+03
2.243100159511898710e+03
2.352526983664524323e+03
2.167806044372726774e+03
2.053826868528489740e+03
1.952397747081072566e+03
1.726676408945178082e+03
1.778959634431943186e+03
1.693576688780779023e+03
1.541756516598690496e+03
1.612205866452510236e+03
1.598952216764933155e+03
1.682636421957562106e+03
1.623374045339462327e+03
1.747227150831698509e+03
1.537212797751581547e+03
1.491151378193127130e+03
1.772061594094160455e+03
2.032857976650430601e+03
2.051483935856352218e+03
2.175713371440002447e+03
2.019765329831840063e+03
2.089141380137489250e+03
2.196777972894836694e+03
2.050090909116079729e+03
2.144453680184569748e+03
2.097482225941407705e+03
2.093413707483064172e+03
1.924778135535876572e+03
1.996874804640423690e+03
1.923181269111078336e+03
1.882155646322389202e+03
1.660921411245444460e+03
1.620410198927035935e+03
1.533477785472876349e+03
1.454875987413027815e+03
1.364875856224251947e+03
1.282194918478023283e+03
1.251419041931126685e+03
1.313443233769213066e+03
1.360572290779833565e+03
1.330422841708337728e+03
1.197013179619730181e+03
1.069582366429320246e+03
1.151145986729315382e+03
1.046719913059471310e+03
1.133080434532255822e+03
1.073931947175648929e+03
9.469818592863085769e+02
1.131054792352807908e+03
1.059225051739999572e+03
1.199232357715908847e+03
1.092911132959118049e+03
9.360492588136273753e+02
1.073345623510974292e+03
1.093754423695519563e+03
1.131182437250980684e+03
1.198965027316161013e+03
1.178169417754107144e+03
1.252136677902592737e+03
1.271036425876663316e+03
9.763973911558496184e+02
3.482692015452286114e+02
2.675296666235092857e+02
2.348696452990881767e+02
2.346850763191720262e+02
3.247453101383833314e+02
3.364663531990312322e+02
3.205751885758306798e+02
2.791656967294354104e+02
3.320969353036804819e+02
3.738815641332307109e+02
3.089615035963518608e+02
3.093463662425904772e+02
2.496338191598136689e+02
3.974743610052699978e+02
2.192434576513446984e+02
2.546714099909447668e+02
2.464860909647643439e+02
3.064143114075718586e+02
2.655044903575381454e+02
3.102143427049447837e+02
3.166340421918300763e+02
4.389324199603437364e+02
3.956573233628647586e+02
4.411203982940619426e+02
4.344914959557229395e+02
5.460425732073866811e+02
5.054691006704311462e+02
5.067497119053206234e+02
4.457652876670338742e+02
5.628354958530034082e+02
4.382193671127106995e+02
4.731553623672314757e+02
4.376802540082919108e+02
3.673544205202616695e+02
2.664880940197629684e+02
3.664410714578685315e+02
3.766966085225228085e+02
3.854871604675457206e+02
3.880177633698139630e+02
3.995293551539054988e+02
4.233154791851399068e+02
4.405355437741290530e+02
4.217323056136712012e+02
4.266328547286686899e+02
3.976388869849776029e+02
4.438303862252752765e+02
5.671454683990858712e+02
3.722573767420439026e+02
4.690623462452295485e+02
4.060686155384848917e+02
5.041195825534921369e+02
4.422239402233698229e+02
3.643522861252281473e+02
4.906342454405982494e+02
4.853772315436331724e+02
5.883436753791695537e+02
4.686376304383056777e+02
5.065916960320866451e+02
5.020935630541025034e+02
5.635415946651103241e+02
7.820203080378347522e+02
8.743701434189861175e+02
7.927014195236807836e+02
6.013324193106911935e+02
3.431890579143897071e+02
4.309886047981271986e+02
6.266281733015956661e+02
7.530305356466867579e+02
8.531626715613401757e+02
8.395951098015519847e+02
8.307258804460376496e+02
8.414390895948482694e+02
7.278026831543835442e+02
6.038200727399171228e+02
9.661862657888668764e+02
1.136917615120451956e+03
1.378938451671403072e+03
1.088081769844404107e+03
1.244910055241694181e+03
1.162787087006067395e+03
1.471766895324041116e+03
1.969718581036273235e+03
1.947082577584785213e+03
1.719463329076301761e+03
1.524442008032294325e+03
1.229765689287856276e+03
1.285316297717052066e+03
1.401809062041506422e+03
1.340887489294655097e+03
1.139317424747502855e+03
1.196066439585330272e+03
1.186547680495696113e+03
1.154219737571997939e+03
1.062590895374116144e+03
1.170590324532786326e+03
1.117733806004624739e+03
1.175432467558322060e+03
1.326506532139779893e+03
1.549537690601864597e+03
1.528669633274139414e+03
1.372955195263094993e+03
1.195613652310542193e+03
7.323850498474173492e+02
5.348297587501847374e+02
5.431353246356741238e+02
6.179503104124904667e+02
6.247591413755314989e+02
6.667757623007611301e+02
7.335185167534191351e+02
7.118726230951969001e+02
6.112075941686618989e+02
2.927952065758582876e+02
2.130399529517988810e+02
2.024070477111436901e+02
1.487533265717347604e+02
1.348558312503532477e+02
9.564933723562315038e+01
-2.940258608363726101e+00
6.560436679421840722e+01
6.337097480380237613e+01
7.565861492753460027e+01
1.233911366808792707e+02
2.435820444320508216e+02
2.089671945344351229e+02
2.058127742669556071e+01
-1.292372746167666975e+01
-1.932833748406301178e+00
-5.377935568675862310e-01
-2.366758443808107404e-01
-3.504892809218448924e-01
-1.288495698959483682e-01
-2.201486069022772218e-01
-6.195001287888109998e-01
-4.190932976551189348e+00
8.588924262966339995e+01
8.210515900914007261e+02
4.872141139795865001e+02
5.512225535445288642e+02
7.147184302882370730e+02
6.717958785311727752e+02
3.326374201016133156e+02
1.139591369878886553e+02
-1.633058447137909264e+00
-5.811760854467785675e-01
-4.809734346662994930e+00
1.630639057209968712e+02
1.373317406665856311e+02
6.833854467422207790e+01
2.823237542691408635e+02
3.313178966192450048e+02
8.123954994352753545e+01
7.358467222402066454e+01
4.278645489691994044e+02
9.244057082153179863e+02
1.019168817660545074e+03
6.272224572690263358e+02
4.472224448556103766e+02
4.520203414317654733e+02
8.231946674123925050e+02
1.988176881766005181e+03
2.213652284811323170e+03
2.234032689204670987e+03
1.984467402598888384e+03
1.818340188229147316e+03
1.708228385674207857e+03
9.827400165753942929e+02
1.011926823830573170e+02
-1.260968089765858657e+01
-9.811965681929322614e+00
-9.228709453924583528e+00
-7.500287212327118702e+00
-5.187587825950072506e+00
-1.363973399730801450e+00
-2.859348440775565381e-01
-4.862068156123514062e-01
-1.905530859669562593e+00
-6.424641920118566496e+00
-2.609287373861136405e+00
-2.923180114843682897e+00
-2.130245524260191647e+00
-1.652225378939996769e+00
-3.732086772192644730e+00
-1.720076500645791429e+00
-1.329691121236169282e+00
-1.018237524164301133e+00
-7.634934749502245710e-01
-5.755306982962532514e-01
-8.328393216237041097e-01
-5.346380523713638588e-01
-7.927198952819255462e-01
-1.568079133802680269e+00
-1.335461652486992001e+00
-1.927694224913512278e+00
-2.553546215220576343e+00
-1.027053778508124537e+01
-2.437976730874747133e+01
-1.102143105588557503e+01
-1.260727134104717884e+01
-2.324621391755899324e+00
-1.101172355838526407e-01
-8.409122261443310875e-02
-1.005281900272609746e-01
-4.410967505174333003e-01
-3.039170210103081526e+00
-4.667386551300058528e+00
-1.595064797674283552e+00
-3.820974881321467898e+00
-3.368588161304308493e+00
-2.305108842616427012e+00
-3.089499845955576696e+00
-7.108307019397266835e+00
-7.242294405600988583e+00
-5.056565446368078476e+00
-1.069586968089315526e+01
-1.365313247296568200e+01
-1.573915617343132212e+01
-8.257794527745691227e+00
-6.484853704420234344e+00
-2.878275130198936438e+00
-4.762530638578097886e+00
-4.883098964280825349e+00
-5.948317146318217397e+00
-8.368135440262200575e+00
-8.701399996224749245e+00
-2.304844209574604719e+01
-1.583246757745758337e+01
-1.790723815934665097e+01
-1.295887254661572108e+01
-7.545210224098981122e+00
-2.943367531333910048e+00
-3.306453883430774621e+00
-1.198521649975997194e+00
-4.356271236788707313e+00
-2.577944188871050368e+00
-4.199188710150668413e+00
-7.893747349748310604e+00
-1.178345102162872315e+01
-1.647050162779719074e+01
-1.531760631131439432e+01
-1.032591788819021161e+01
-3.749113254078246360e+00
-4.043644258754324206e+00
-3.502368701681797258e+00
-2.475595893005156700e+00
-8.619985341893920960e-01
-2.009474353030376026e-01
-7.697624654601079031e-02
-1.329377318618956971e-01
-1.807061508101349967e-01
-7.665466022403338853e-01
-8.940863798007677582e-03
-1.043290767269105775e-03
-1.436433849043370205e-04
-2.043965772966497467e-04
-7.274693627014864770e-05
-2.302187636125611198e-04
-1.943703134664482657e-03
-6.518515287397605440e-02
-6.709888819301203233e-02
-3.487804811246500436e-02
-1.601167913364929737e-02
-2.025982859174505282e-02
-5.122779936142306256e-02
-4.765458195408274478e-02
-2.580180542526941956e-01
-3.132439397891416122e-01
-8.389408304809370387e-02
-1.061577590278785788e-01
-1.975641339718607614e-02
-1.133898977854627343e+00
-3.003724893455089529e+00
-4.097955798449054221e+00
-4.853063655003994725e+00
-9.823090887325827580e+00
7.868122197876821211e+00
1.854427429962094820e+01
-3.792730549674257823e+00
-2.299645116745271167e+00
-5.730043282973217300e-01
-2.920411935420829178e-02
-7.244080325980138679e-02
-1.672112758765555707e-01
-8.022461477154652076e-02
-6.565359116994436972e-01
-7.888431135775165748e-01
-1.841703599824105364e+00
-6.740678947248326836e+00
7.586799955898294867e-02
1.238324735601488271e+02
8.712458204155552721e+02
1.407251174413288936e+03
1.422987756607785968e+03
1.357353363862577680e+03
9.978979027721165949e+02
5.480053128963782001e+02
3.618016271227496077e+02
3.505701126756980557e+02
1.046399369124280980e+02
-2.828007670493706716e+00
-8.720114208949000245e-01
-2.632461800249080719e-01
-6.121038572616512019e-02
-8.482589685299250781e-02
-4.873912087465820386e-02
-1.341034013256880431e-01
-1.982656970560907339e-01
-9.577475259666010654e-01
-1.027610357875629266e+00
-6.108378403840829529e-01
-2.886048562443193632e-01
-3.381333377092315268e-02
-2.193698154148602392e-02
-1.091721921326049144e-02
-3.211685273707077983e-03
-3.548519083138711172e-02
-1.365667674252026564e-01
-3.156897825560945215e-03
-3.511077587018688901e-03
-4.621926064056552323e-04
-5.897512052780894202e-05
-1.544538790038615396e-04
-9.222302039748661161e-06
-5.330773594984867305e-05
-2.347946407101164336e-05
-1.398478316680747309e-04
-4.071003038338836764e-06
-1.441667472252148850e-05
-2.416865511266513448e-05
-2.156430400665776753e-06
-8.439379221394089222e-07
-2.868051747073128266e-07
-1.280509104456894497e-06
-8.312083427082485682e-07
-2.098434259201676131e-07
-4.726217900047689951e-07
-6.285962332463083187e-05
-7.061359696593318743e-04
-8.380817283815501090e-03
-1.336213438285650812e-02
-1.867634845152727624e-02
-1.185364985503334356e-01
-9.020916995960298612e-02
-4.330349222239445600e-02
-2.125605047709755446e-02
-1.159187460328148581e-02
-1.983755350071402662e-02
-3.200582552274582743e-02
-1.317884473609256743e-02
-4.040485531051428436e-02
-2.708948524589763554e-02
-4.444802594779490718e-02
-1.031093624366295064e-01
-1.616970056039788994e-01
-6.791584471552143676e-02
-6.658592572094575168e-02
-6.656761501745026011e-02
-9.246904687703730308e-02
-1.836375777284265653e-01
-2.050512937542570968e-01
-5.363967873341094483e-01
-1.014497120433518029e+00
-1.222944837247879057e+00
-8.240169307620559547e-01
-7.477004560677775746e-01
-8.493892732004918456e-01
-1.234030615412339271e+00
-7.623132314833133139e-01
-4.277473092339118292e-04
-5.853525546243750068e-05
-2.772239059418755541e-06
-2.670709743803165096e-06
-3.617642040648089818e-06
-1.418520907830610780e-05
-7.196175407538623238e-06
-2.933515637929974399e-05
-7.268887579746293546e-06
-5.863863138349557574e-06
-1.291921289254526492e-04
-5.192204962828975925e-06
-2.986830875059590266e-06
-8.168536825994913761e-06
-1.483931655234280044e-06
-1.482941270215595271e-05
-4.899191410012510088e-05
-5.653886485426244959e-06
-3.801182805427395367e-06
-1.625738837632941043e-06
-5.524915751087846100e-06
-6.702312131984836355e-07
-4.707649617466144433e-05
-3.944019762605006159e-06
-4.278266101812821219e-06
-3.457871238574201965e-06
-9.845893202390702150e-06
-4.431550400287386125e-06
-5.804405836847130630e-06
-3.463617036973829686e-06
-3.567382369037517448e-06
-6.988438558594070983e-06
-4.202278348754498200e-06
-1.802992118904176767e-05
-4.441118353442513079e-05
-4.158431201806562756e-05
-7.568997132588371757e-02
-1.594597707205094861e-01
-2.272339679596670492e-01
-9.395580646984674766e-02
