-2.135968438773094391e+01
-2.053750767791925469e+01
-1.770905582443804249e+01
-1.906935151851235588e+01
-2.128196326474315825e+01
-2.528916864614345172e+01
-1.997035740764836831e+01
-2.428818316995942439e+01
-2.174253427955618889e+01
-2.202162773940339235e+01
-2.195733580141952501e+01
-2.957908471112203230e+01
-1.930991703364199807e+01
-1.535865116846984080e+01
-1.857162625755798757e+01
-1.760175579979924265e+01
-1.478390920335501413e+01
-2.168676853497508361e+01
-2.142486898853016442e+01
-2.127527701533261606e+01
-2.107270927836143670e+01
-2.589489692622902695e+01
-1.992756622743375772e+01
-2.602981845505591352e+01
-2.765989753894602288e+01
-2.302744654825690063e+01
-3.017188949807389875e+01
-3.239291401276164351e+01
-3.209216244539994989e+01
-3.153918584160657801e+01
-2.845639510789100513e+01
-3.005152534791522712e+01
-2.966104438340085636e+01
-3.435402359143251516e+01
-3.498433180785094976e+01
-3.443415900496659532e+01
-3.710938489483924485e+01
-3.761385543483638116e+01
-4.005937529099751515e+01
-3.877968970708005969e+01
-4.296335498409861486e+01
-4.478836282468067509e+01
-4.406160465082662370e+01
-4.474838106448898145e+01
-4.309343115323175510e+01
-4.755280436255204535e+01
-4.716998862968267048e+01
-4.779620320581844339e+01
-4.715201378103621721e+01
-4.436732939501245454e+01
-4.724628192210305144e+01
-4.720564216104703803e+01
-4.770460649229046624e+01
-4.461009050331558257e+01
-4.839325946781646337e+01
-4.622754202074174401e+01
-4.805131638042470854e+01
-4.799469752808536072e+01
-4.886688885595207665e+01
-4.864578914633186457e+01
-4.847759726399760183e+01
-5.049971225969687083e+01
-5.100793111252011158e+01
-5.110435445515429365e+01
-4.908345927573554945e+01
-4.937132809753914842e+01
-5.055667267760015449e+01
-5.099635149617947860e+01
-5.009845831985354181e+01
-5.001918072165487672e+01
-5.014700630266533210e+01
-5.172543159848805772e+01
-5.032302715798471127e+01
-5.158041314791518772e+01
-5.118652017903185225e+01
-5.172758292741924890e+01
-5.080726174622311220e+01
-5.220680323041834470e+01
-5.198076125817392068e+01
-5.213039054617805590e+01
-5.157175012571374850e+01
-5.281686492722756299e+01
-5.161733479122967339e+01
-5.223812037817754117e+01
-5.174746745537421333e+01
-5.150739715677856623e+01
-5.273318201405902528e+01
-5.195184312275114280e+01
-5.173424407639525668e+01
-5.121664518077577100e+01
-5.157207171868825668e+01
-5.212765966018463359e+01
-5.131746121038057851e+01
-5.228024636512640910e+01
-5.186468472902539872e+01
-5.212100627008344844e+01
-5.163597006387618649e+01
-5.159046468960839604e+01
-5.153182989074011289e+01
-5.086052852254663748e+01
-5.157371624644077457e+01
-5.181246669202104016e+01
-5.174703298702127796e+01
-5.064111563524780024e+01
-5.173001209275302159e+01
-5.186666722991639489e+01
-5.153550107213818876e+01
-5.206627290034085576e+01
-5.202365717554396696e+01
-5.095762919957325465e+01
-4.984375887512481995e+01
-5.169848986862756135e+01
-5.050149938902195856e+01
-5.163328073227383186e+01
-5.282455475678143131e+01
-5.232830678942817570e+01
-4.952524894685817713e+01
-5.207994081376310191e+01
-4.873196792648712972e+01
-5.059591784640856815e+01
-4.939115828675354436e+01
-5.051236649223773867e+01
-5.131438473958905888e+01
-5.194412299716338310e+01
-5.097483979584486491e+01
-5.071316064430838821e+01
-4.769532165781689059e+01
-4.966053001352890561e+01
-4.958905765976081881e+01
-4.894778494378190459e+01
-4.664401098907406151e+01
-4.184448507794947147e+01
-4.905704700866230183e+01
-4.484101922954701536e+01
-4.388000183984240010e+01
-4.486180843533516338e+01
-4.553612342660237289e+01
-4.775317961630544517e+01
-4.426281307486283367e+01
-4.407621295429714792e+01
-4.593969541492849373e+01
-4.131275874511127455e+01
-4.340856320203022989e+01
-4.597300675627261057e+01
-4.657866664205709384e+01
-4.312973907137151741e+01
-4.517052127737807155e+01
-4.896625317126661514e+01
-4.920911332499701274e+01
-4.925001358275502383e+01
-5.186821809291744501e+01
-4.922682764233289987e+01
-4.914485308555293841e+01
-5.053220288986658915e+01
-4.426340268882817242e+01
-5.103076484981958316e+01
-4.979996836151515538e+01
-4.640557128927788710e+01
-4.758983574524064153e+01
-5.064528580714360828e+01
-4.779868428017478976e+01
-3.438545047037607816e+01
-3.400884054877289486e+01
-4.428410848344931594e+01
-5.063576620554650276e+01
-5.233259140663964359e+01
-5.236813544126630404e+01
-4.825024236289590363e+01
-5.194537478887805548e+01
-5.169504229543505858e+01
-5.002532647926007314e+01
-4.947227010002655589e+01
-4.946043449355121879e+01
-5.022297916220506409e+01
-4.725183362271233989e+01
-4.989910383231740099e+01
-4.771254644932205480e+01
-4.843583609225893838e+01
-4.872328935291724150e+01
-4.794245074336557622e+01
-5.120515968507876892e+01
-5.188513955656532062e+01
-4.849374801020053383e+01
-4.774564527919930157e+01
-4.925152339321918049e+01
-4.801446422906159484e+01
-4.786242350680451096e+01
-4.758873105755749577e+01
-4.749254763560239212e+01
-5.049278912266866826e+01
-4.566163080205545555e+01
-4.812372387038659127e+01
-4.572184646350132908e+01
-4.604117395656150080e+01
-4.807159468628457688e+01
-4.782323121107157959e+01
-4.667527207525641586e+01
-4.480030377683167586e+01
-4.635033576774285535e+01
-4.810815101706647567e+01
-5.035155226160979680e+01
-5.156814523835842579e+01
-5.184096758394695570e+01
-5.202419560552783651e+01
-4.997350457510719224e+01
-4.881181941610841335e+01
-5.039222416761035106e+01
-5.057734026054772869e+01
-4.552091031694247647e+01
-5.077497231130760014e+01
-4.839626418597236324e+01
-4.932831271059252742e+01
-4.701260959891737201e+01
-4.677146906982890329e+01
-4.975795599827674920e+01
-4.828338080140953537e+01
-4.916468594222059352e+01
-4.896663224428782257e+01
-4.842986460638779533e+01
-4.805447537304635119e+01
-4.834293195554364786e+01
-4.746200473219550275e+01
-4.674163387463016051e+01
-4.657810997904800843e+01
-4.738126676019876271e+01
-4.513660964270150089e+01
-4.779280227825092453e+01
-4.760467798612494761e+01
-4.740781185241427664e+01
-4.816486516076189872e+01
-4.755413269634887286e+01
-4.922817953029718296e+01
-4.935877469034986120e+01
-4.736569404389741322e+01
-5.087054626645353039e+01
-4.782518994479767116e+01
-4.538913076027997562e+01
-4.618499382249859053e+01
-4.613961627507078589e+01
-4.734122842657891539e+01
-4.784121102874757980e+01
-4.832809907585698994e+01
-4.662337616818823705e+01
-4.688660584132166065e+01
-4.908570719718041175e+01
-4.766424449526856932e+01
-4.806505404123065262e+01
-5.165940831582958026e+01
-3.262834502235605072e+01
-3.580245936179072430e+01
-5.019964897751282962e+01
-4.886976456250162215e+01
-5.180858204575226722e+01
-5.167014084220053149e+01
-4.827177999770003680e+01
-4.852899087145468116e+01
-5.105015121428612446e+01
-1.567418031228735131e+01
-3.585040350164318212e+00
-9.358691290024022669e-01
-6.331433788038640653e-01
-1.014783843842450128e+00
-2.531863825749025576e+00
-7.394456231638999455e+00
-5.556337384675544833e+00
-7.067076322258902366e+00
-6.655017835584487784e+00
-3.227471129106629810e+00
-2.132159394001823305e+00
-1.325714376596420996e+00
-4.824923077349120071e+00
-3.663453737708314151e+01
-5.231604700210607461e+01
-4.969158787392734666e+01
-5.201202829603870725e+01
-5.205242922579796527e+01
-4.803262349230592321e+01
-5.120810040273850205e+01
-5.030079965994123370e+01
-5.075120946087960760e+01
-7.132535105155914046e+00
-7.661988074521890901e+00
-1.720480651963415752e+01
-4.573158970014534219e+01
-4.799325714101738782e+01
-4.116226340536299233e+01
-2.629741135949823061e+01
-1.432549282331546259e+01
-3.443092862865857740e+01
-5.091163471704481225e+01
-4.680905895521836868e+01
-5.198494978506246156e+01
-4.429171658916523313e+01
-4.461460147617746941e+01
-4.969712585050582021e+01
-4.857923014275102247e+01
-5.097896481497988930e+01
-5.035331328076217972e+01
-4.942319010700074955e+01
-4.979629478360891426e+01
-4.996525282482853214e+01
-4.891272683433202673e+01
-4.854530333693979571e+01
-4.823648097434242032e+01
-5.162326743201904833e+01
-5.040766117130783641e+01
-4.939860982639233100e+01
-4.803759076213776069e+01
-4.893368267635615609e+01
-4.993348570050030588e+01
-4.720820771734249632e+01
-4.997364149974234238e+01
-4.903455080073349137e+01
-5.082184494689336418e+01
-4.818960755103058347e+01
-5.087722481758423498e+01
-4.976939074945785535e+01
-5.009219285270330602e+01
-4.826602778647068703e+01
-4.878121442670878594e+01
-5.027006199270795150e+01
-5.249504986488696545e+01
-4.347027393893257852e+01
-4.550126757242785658e+01
-4.982889455912184218e+01
-4.785538904249367675e+01
-4.796929498651051915e+01
-4.409853497611222650e+01
-4.967589792152306671e+01
-4.995685837234932336e+01
-4.973041508723303394e+01
-5.047136688659315240e+01
-5.144148536885811751e+01
-5.197322832630108280e+01
-4.964411598937941505e+01
-5.155700213499347484e+01
-4.787740353579792441e+01
-5.101648838389057516e+01
-5.082982982543983042e+01
-5.016280726223229181e+01
-5.015961240035648672e+01
-5.062967170368925451e+01
-5.009915147217573406e+01
-4.879388429511147507e+01
-5.001078687187393967e+01
-5.163749704002002971e+01
-5.225597492530572197e+01
-5.230878339192364734e+01
-5.100338832543256018e+01
-5.038475072548860823e+01
-5.180716148951410105e+01
-5.082075954848927068e+01
-5.167737100199438061e+01
-5.146182131406430216e+01
-5.178346777402930456e+01
-5.224499182833567801e+01
-5.133880641349810503e+01
-5.037430770179572903e+01
-5.089461551192815847e+01
-5.245488683363513616e+01
-2.619901603457612538e+01
-9.401832460721928797e+00
-5.671632238846003204e+00
-1.137805766485040593e+01
-5.186509262958151822e+01
-5.112743270273056595e+01
-3.929946704483063513e+01
-3.196820964324055225e+01
-4.349181986788375553e+01
-5.241995188244078463e+01
-5.085078975256919875e+01
-4.968491610216467080e+01
-4.898505645043029233e+01
-5.009315927680074765e+01
-5.018228907924179083e+01
-5.109345883466172467e+01
-4.950924586816712036e+01
-4.229032730424896158e+01
-3.221521332111132097e+01
-4.712527411449057979e+01
-4.970734617467550009e+01
-5.140054052312954980e+01
-4.511506999601903800e+01
-5.005860358595367643e+01
-4.947400747822164391e+01
-5.045349491931677477e+01
-4.510328408851175652e+01
-1.994778024913541969e+01
-2.579216172629602610e+01
-5.180386855047359518e+01
-5.196710569490252141e+01
-2.767380639591166158e+01
-1.517657376908946887e+01
-3.513304286920537578e+01
-5.113048646611389358e+01
-5.211492164207835742e+01
-2.240580981549732797e+01
-2.622802675293013586e+00
-3.738392766817729140e-01
-3.689348432651168852e-01
-4.048132555355791196e-01
-1.891179382261716224e+00
-6.112393243908045726e+00
-1.115361619699663009e+01
-7.359915405742723848e+00
-3.823694330758799609e+00
-3.938012647340148664e+00
-4.330389413301870327e+00
-7.596319366382487281e+00
-1.676013476069392638e+01
-1.448336794705310915e+01
-3.211033812107270791e+00
-8.199896735742742138e-01
-3.249075326372580785e-01
-4.565248086321205823e-01
-1.394118638937783761e+00
-3.155147303300390504e+01
-4.338851258762100827e+01
-3.963845574015859796e+01
-2.963989140285670132e+01
-5.222402504926017031e+01
-5.178660327187689916e+01
-4.974011681592548229e+01
-4.622547944216290716e+01
-5.203066046096202513e+01
-5.193410981172294782e+01
-5.191751907781640796e+01
-5.175524433746726771e+01
-5.318449037893853415e+01
-5.126483785144029071e+01
-4.997793884613098925e+01
-4.945309029655346933e+01
-5.076966720705796376e+01
-5.137056586827079485e+01
-5.196810261486239568e+01
-5.156017205307370688e+01
-5.088682559372633563e+01
-5.165389928095191863e+01
-5.092143659781174847e+01
-5.182169521779094623e+01
-5.111691560721246930e+01
-5.158831544379528822e+01
-5.068673920015689305e+01
-5.182652621364574941e+01
-5.183791359723146996e+01
-5.177568085961308242e+01
-5.046923673396338472e+01
-5.094327768364743036e+01
-5.189884994343501745e+01
-5.253189162589446681e+01
-5.108754487038606840e+01
-5.154664910738568295e+01
-5.188389078086851214e+01
-5.188512928611103092e+01
-5.143186728148595677e+01
-5.220695347474551795e+01
-5.211829149081960821e+01
-5.193469904372213364e+01
-5.255346418754217552e+01
-5.244187512310509902e+01
-5.203018040494885099e+01
-5.215478926777095126e+01
-5.134886020722111510e+01
-5.182481744411136049e+01
-5.214984893506017016e+01
-5.144491221202805775e+01
-5.142438921684953357e+01
-5.219988529756903262e+01
-5.183427171100591124e+01
-5.204309640083334187e+01
-5.232127063733991434e+01
-5.165381428428126753e+01
-5.206362165060496494e+01
-5.033230448083494224e+01
-5.115896147552138729e+01
-5.109721295523220164e+01
-5.241424573556255950e+01
-5.112537006432526709e+01
-5.178819095720467658e+01
-5.113467379510902333e+01
-5.061135548917383886e+01
-5.016025528851976389e+01
-5.147703057091968759e+01
-4.521858314171530679e+01
-5.205896663791796186e+01
-5.166904408863400988e+01
-5.043202887519481692e+01
-5.013510933514015022e+01
-5.063699458283800681e+01
-5.001056216489428152e+01
-4.976544868823975065e+01
-5.016005703323855158e+01
-5.139804986799218511e+01
-4.885011066392002732e+01
-4.942915669661775269e+01
-4.712583923428884702e+01
-4.914103482018918356e+01
-4.780748448341337564e+01
-4.859461185152986218e+01
-4.869459641912916936e+01
-4.916274278682222132e+01
-4.960147439162899730e+01
-4.804345939860495207e+01
-4.986641200181044553e+01
-4.979094344241631376e+01
-4.951592249745028340e+01
-4.776048850116976041e+01
-4.799221545431208114e+01
-4.805553728230748334e+01
-5.014865604516435127e+01
-4.916690504656510541e+01
-4.850347759168580097e+01
-4.875421924581099375e+01
-4.824249619422518975e+01
-5.009332418890971894e+01
-4.952522031674679681e+01
-4.943239330629143780e+01
-4.948849250909679398e+01
-4.848505175066907924e+01
-4.949935699414656654e+01
-4.955157281648418888e+01
-4.750675182570181221e+01
-4.922999563938937229e+01
-4.938910113731692775e+01
-4.874507573604364552e+01
-4.896344973538026579e+01
-5.014832766458992808e+01
-4.865500269759222363e+01
-4.903570333425697214e+01
-4.659479439193622596e+01
-4.841990606911207351e+01
-4.862493926265344868e+01
-4.924061708339040422e+01
-4.945275425694226357e+01
-4.811150070293491865e+01
-4.740475573434832057e+01
-4.850747718686640297e+01
-4.829693223881384512e+01
-4.896533755586049352e+01
-4.944863897795404739e+01
-4.807048775900805992e+01
-4.936198109848790239e+01
-4.826213513000274702e+01
-4.994888270709218148e+01
-4.977880544903582916e+01
-4.964041314318015452e+01
-4.757665670204624320e+01
-5.004334177240026094e+01
-4.727124030468517901e+01
-4.931077474051394205e+01
-4.952284258917318027e+01
-4.771498376648106188e+01
-4.938683886339378404e+01
-4.975398058212840624e+01
-4.905316488032270428e+01
-4.868620237565918529e+01
-4.771868889234772837e+01
-4.782341477219451775e+01
-4.820853908489110040e+01
-4.882925714929941563e+01
-4.865363437434626093e+01
-4.833903152965643102e+01
-4.885276379872255603e+01
-4.995787317927798910e+01
-5.121739282334119991e+01
-4.981821102926792122e+01
-4.966618658711225009e+01
-4.918520865132214936e+01
-5.023728118377972862e+01
-4.967114043581668170e+01
-4.890482298934065142e+01
-5.012995976515519914e+01
-4.873587148290805970e+01
-4.949778961013794998e+01
-4.892006930767353623e+01
-5.000161169163645525e+01
-5.014942127218526480e+01
-4.941263021937378852e+01
-4.750273625106983388e+01
-4.966675495837543508e+01
-4.961059388782869206e+01
-4.906226467987125517e+01
-4.993131795768406533e+01
-4.921565293348128733e+01
-4.911399644493631200e+01
-4.761131421427379706e+01
-4.852725394268608028e+01
-4.673751840926454548e+01
-4.748372344407582091e+01
-4.832390979364203076e+01
-4.647229760949306865e+01
-4.770482120788316394e+01
-4.709610525861854313e+01
-4.676866014472685862e+01
-4.737162024561567364e+01
-4.665585960604300197e+01
-4.728324233329004755e+01
-4.687464241810278764e+01
-4.624632638767534587e+01
-4.604531920366478204e+01
-4.464192100151613829e+01
-4.520085981346972659e+01
-4.815782775238087510e+01
-4.668400244393128418e+01
-4.911609339821339404e+01
-4.717317075623257949e+01
-4.677468962256006080e+01
-4.743152865262264584e+01
-4.740494867001816459e+01
-4.863570310255722262e+01
-4.565188452442168909e+01
-4.822379634115092983e+01
-4.913371540551509042e+01
-4.759135572038893969e+01
-4.827116357791779677e+01
-4.709097217486863940e+01
-4.650064958229020817e+01
-4.990244768591588809e+01
-5.032171754193173285e+01
-4.944014067250511602e+01
-4.953659519718505777e+01
-4.861153693220546756e+01
-4.782548948926986299e+01
-4.616986765904722745e+01
-4.746592727826572400e+01
-4.844016321602180142e+01
-4.807935266445047517e+01
-4.963638519721885700e+01
-4.970656770880403741e+01
-5.085322658739807622e+01
-4.884287405962241735e+01
-4.867414058743928962e+01
-4.827868328433876854e+01
-5.002913131484301346e+01
-5.112603720570384525e+01
-4.957756169305262972e+01
-4.889973675713072510e+01
-5.003715523156847667e+01
-4.936888857557398325e+01
-4.993137397951470291e+01
-5.172331695584926337e+01
-5.046561394206965190e+01
-4.985123011368278156e+01
-4.965537198057953816e+01
-5.066804198682788041e+01
-4.788724942856200073e+01
-4.650846033109884559e+01
-4.968306963915477326e+01
-5.053151560358321603e+01
-4.955901448456524605e+01
-4.735697367172801364e+01
-4.852349867177947118e+01
-4.720475659740678509e+01
-4.809840774862431090e+01
-4.720795861483651379e+01
-5.017654393531353207e+01
-5.091035794184261221e+01
-5.059348380791738720e+01
-4.992854577646191672e+01
-5.022206990885515410e+01
-4.903207786275090996e+01
-5.003700321236725301e+01
-4.999488587198032974e+01
-4.931726746709474440e+01
-5.019824945707951258e+01
-4.902839359281485798e+01
-4.750187589228362839e+01
-4.822061623427934052e+01
-4.907835861912028719e+01
-4.906641569461035601e+01
-4.967700662022881630e+01
-4.981984144729009500e+01
-5.049614875328196462e+01
-5.056284615596702281e+01
-5.035660731148779945e+01
-5.011001339443102154e+01
-5.045107238895872115e+01
-4.920452313351634643e+01
-4.903616134383197078e+01
-4.870773648599131178e+01
-5.054555074299300799e+01
-5.055809460448139703e+01
-5.019935373960920799e+01
-5.031995743561770240e+01
-4.940722242903721195e+01
-4.787725121385846450e+01
-5.010710734248672793e+01
-5.103081614151256673e+01
-4.952330037984769717e+01
-5.094418450955069488e+01
-4.886751527738208978e+01
-4.872108568865274236e+01
-4.890325904537434809e+01
-4.896492312286240889e+01
-4.954687755837352370e+01
-4.904258258844495089e+01
-4.874807640229669659e+01
-5.088710898668446703e+01
-4.748559235154463920e+01
-5.047042847367903562e+01
-5.131369506510694833e+01
-4.796421686309550836e+01
-4.931270590387901365e+01
-4.997733798782032721e+01
-5.096250098091203284e+01
-5.125466462440605397e+01
-5.001831314446972243e+01
-4.974262063335195450e+01
-5.092232223202492492e+01
-4.805078357116035193e+01
-4.821837729067421208e+01
-5.179594884215607919e+01
-4.946876288360288498e+01
-4.990869406214527260e+01
-4.923184078601813951e+01
-4.939884376684554468e+01
-4.554324573608928972e+01
-4.675101161067007638e+01
-4.534503808843353312e+01
-4.668066190279817818e+01
-4.782398394604363290e+01
-4.671000109224681296e+01
-4.673833178569886826e+01
-4.977992969877447393e+01
-4.772540539247949454e+01
-4.827271505338441671e+01
-4.913024042527322877e+01
-4.946342233339639449e+01
-5.009850970500687595e+01
-4.893257744949021060e+01
-4.990502022360072942e+01
-5.072317530589523216e+01
-4.976804452370953413e+01
-5.059230227784511413e+01
-5.106125777420721334e+01
-5.156669026484505736e+01
-4.926061388874473579e+01
-4.809460912847760738e+01
-4.830837601269470127e+01
-4.759000547200238884e+01
-4.888402125713567159e+01
-4.877090325132760285e+01
-5.101377198473159780e+01
-4.747121909021949193e+01
-5.023692845018663888e+01
-5.106836938646058144e+01
-5.212822003595090337e+01
-5.099174151930110810e+01
-4.517774024010877554e+01
-4.601496952882968117e+01
-4.539108787261441336e+01
-4.833688411760117276e+01
-4.928565934853028807e+01
-5.046363932248110729e+01
-5.126346834008496955e+01
-5.097444446337964763e+01
-5.019382533996969897e+01
-5.195811249717758784e+01
-5.201525665320937719e+01
-5.164344076771283198e+01
-5.086749793807273079e+01
-5.105514749330795610e+01
-5.176299337923731514e+01
-5.128456640477399731e+01
-5.048211394569222676e+01
-5.100157072566855732e+01
-5.079518506595576355e+01
-5.150268693609790915e+01
-4.956951714796482378e+01
-4.959354764486752742e+01
-5.123667470306524763e+01
-5.168388520866975000e+01
-5.173817092461302281e+01
-5.287651611551542885e+01
-5.194521517213716777e+01
-5.236707521938225796e+01
-5.089009949466919380e+01
-4.655254136702133394e+01
-4.424205403733891018e+01
-4.544549386986000883e+01
-4.597391609608298069e+01
-4.292074933609703891e+01
-4.534257459109496580e+01
-4.531283863886545760e+01
-4.839710936006932229e+01
-5.010514699323036325e+01
-4.748800506564612078e+01
-3.913772273007401026e+01
-3.797013561271517545e+01
-3.616968821739378370e+01
-4.015687146428793142e+01
-3.726059302896774739e+01
-3.787790669333306681e+01
-3.877971019104066386e+01
-3.541663854334647255e+01
-3.275997897379721024e+01
-3.824368152255826203e+01
-3.376850946875172355e+01
-3.652527185871339555e+01
-3.129642085213768610e+01
-3.302496604516637291e+01
-3.701121376028400789e+01
-3.454195010732273374e+01
-3.380925117912484268e+01
-3.357831954333341429e+01
-3.357376408358740605e+01
-3.351100197684272075e+01
-3.242272350804847747e+01
-3.512727763203304931e+01
-2.888316594859889364e+01
-2.984933326586420677e+01
-3.058915887012052437e+01
-2.813357573104494591e+01
-2.801831956863736295e+01
-3.124550015021036842e+01
-2.820909247410548915e+01
-2.721234527847912688e+01
-2.006714318867785352e+01
-1.489147041364055646e+01
-9.549071052804688264e+00
-1.197912724853594568e+01
-7.600433653517711718e+00
-4.919501322273550414e+00
-2.935559313440754714e+00
-2.393088549676694932e+00
-1.882014908372046103e+00
-3.061869542103608399e+00
-2.279832556926169040e+00
-1.883804223005199230e+00
5.269039587112354894e+01
-8.021123846790741752e+00
-1.542182344769539881e+01
-2.614632653674881624e+01
5.021682864842742333e+02
1.937729258226390584e+03
2.795902114311759306e+03
2.709655752576542909e+03
2.822531337722989974e+03
3.269031207518806241e+03
3.437566614180823763e+03
3.330713539743498586e+03
3.371974400283384966e+03
3.065423292662076619e+03
2.719261120421336727e+03
1.360518500749222540e+03
5.871570007641425946e+02
7.056524885287551569e+02
7.087287257528328155e+02
4.908297913429152004e+02
4.317666606256473187e+02
4.654665202590022659e+02
6.246723183964357986e+02
8.883111190558033741e+02
9.534661738500878982e+02
8.124393967602261455e+02
7.417283151216332726e+02
1.156301424527936206e+03
1.443619168338560712e+03
1.472966472014647252e+03
1.706278458669961537e+03
2.478242031240977667e+03
2.816830264018857633e+03
3.057625491464063089e+03
2.706195468566523687e+03
2.533511938458210352e+03
2.644142090282377012e+03
2.511961223238992716e+03
2.578201064546485668e+03
2.569283615165771607e+03
2.552351530721768995e+03
2.452635557030084328e+03
2.639729959727766527e+03
1.935040589808841787e+03
1.705610203410547683e+03
1.487239648096415294e+03
1.695037470472396308e+03
1.919176070242549713e+03
1.968216288008802621e+03
1.724620198138735987e+03
1.542405511730547687e+03
2.380099748117978834e+03
2.312389303810246020e+03
2.833825430925444380e+03
2.833316358485091769e+03
3.173761923919561468e+03
3.227325448112190315e+03
3.247211611705070482e+03
2.773295253137389409e+03
3.115073598003758889e+03
3.447706106098941746e+03
3.726869340093841856e+03
3.757389322087724850e+03
4.009851395434190181e+03
4.138147231518727494e+03
4.189355080995177559e+03
4.329935097743767074e+03
4.119719609802126797e+03
4.263011317262766170e+03
4.389673994275923178e+03
4.606967947328629634e+03
4.676728120132380354e+03
4.477031691920150479e+03
4.633789548875483888e+03
4.929223792425503234e+03
4.906923402355595499e+03
4.941673875612830670e+03
4.840664021322829285e+03
4.516935911172888154e+03
4.199769190325702766e+03
4.117676776107800833e+03
4.391864733443193472e+03
4.435941140270340838e+03
4.731016918181971960e+03
4.845686176107778010e+03
4.773709895916542337e+03
4.830193545321853890e+03
4.694108302483170519e+03
4.551781737447719024e+03
4.675745376680079971e+03
4.444139409732013519e+03
4.133714311181804987e+03
4.012976899818602305e+03
4.227575016506057182e+03
4.161408486321914097e+03
4.228262728363365568e+03
4.079627035354659711e+03
3.763911792270353089e+03
3.605492123684287890e+03
3.728999791735386225e+03
4.142601907366937667e+03
4.165162334046078286e+03
4.449599003897854345e+03
4.637147758359245927e+03
4.677901640483969459e+03
4.705225672352559741e+03
4.883324782647133361e+03
4.843614981890251329e+03
4.547883559594059079e+03
4.293374775526778649e+03
4.651932251205788816e+03
4.838309824449198459e+03
4.684974769712622219e+03
4.712557200143385671e+03
4.625922893742696942e+03
4.703511668459584143e+03
4.584969351015481152e+03
4.784606795045058789e+03
4.759715875326539390e+03
4.854727894962466053e+03
4.909234805017415965e+03
4.728822123821970308e+03
4.689688293522649474e+03
4.604067203405643340e+03
4.590161270249774134e+03
4.450502449290116601e+03
4.753913923723823245e+03
4.982185271224519056e+03
5.035212323027032653e+03
4.818660649669008308e+03
4.563283816949179709e+03
4.652719978017378708e+03
4.569042578851151120e+03
4.311560359314825291e+03
4.045282373171725794e+03
3.747465747332023511e+03
3.528689207208792595e+03
3.310329252795375851e+03
3.320775496235314677e+03
3.406450546727440724e+03
3.410179035361228216e+03
3.355013939904306881e+03
3.373112060366496735e+03
3.246783694300177103e+03
3.000948260873990421e+03
3.657831046635442362e+03
3.813583236082812164e+03
4.383556592470170472e+03
4.566938125537290034e+03
4.338245821391287791e+03
4.789578285900473929e+03
4.882407267310016323e+03
5.093714859303196135e+03
5.281243153871929280e+03
5.084146057895079139e+03
4.931310258515610258e+03
5.106710433791791729e+03
4.912462698972811268e+03
5.102540773474992420e+03
4.903354773763492631e+03
4.960554980525017527e+03
4.817067930887994407e+03
4.902605729416054601e+03
4.683261698720189088e+03
4.660375067912897066e+03
4.871841560044261314e+03
4.571490730821503348e+03
4.269562435401114271e+03
3.828699788094575524e+03
3.584814440341084264e+03
3.514552415809560443e+03
3.322802385440619673e+03
3.339152001421163732e+03
3.790463070530639470e+03
4.392131762037661247e+03
4.469071701123327330e+03
4.860522554958922228e+03
4.933888622938683511e+03
4.790370673534630441e+03
4.796432403458420595e+03
4.665405032642506740e+03
4.589072053291802149e+03
4.314547339224957796e+03
4.020934357507054756e+03
4.001912617579284415e+03
3.897115450495462028e+03
3.822411931621494205e+03
4.002744598782694084e+03
4.058320027404057328e+03
4.178006230492707800e+03
4.652859278233891928e+03
4.658240087768307603e+03
4.598816812089231462e+03
4.544576967885206614e+03
4.489612591793799766e+03
4.608678563189856504e+03
4.553006293427109995e+03
4.489183228738332218e+03
4.443743299130010200e+03
4.561479105803106904e+03
4.541469054692190184e+03
4.842783516893198794e+03
4.853815948961960203e+03
5.012640295471598620e+03
4.946349122447898480e+03
4.930496211337914247e+03
4.891291267282960689e+03
4.876275072902994907e+03
4.765862013793439473e+03
4.539952119211778154e+03
4.803754613890518158e+03
4.648856661830202029e+03
4.597685132445778436e+03
4.666018310246709007e+03
4.587345822328638860e+03
4.654921974433449577e+03
4.615342793606757368e+03
4.748218457340294663e+03
4.580575467146113624e+03
4.576834817653726532e+03
4.596474658820751756e+03
4.690036311374393335e+03
4.778159532030360424e+03
4.835743458228146665e+03
4.781433079363235265e+03
4.885043596986186458e+03
4.732415423951540106e+03
4.811884792477525480e+03
4.780739934754038586e+03
4.790221646145394516e+03
4.717390901941198535e+03
4.708170173338176028e+03
4.488102822109617591e+03
4.510303760223012432e+03
4.214474224453154420e+03
4.094113235429241740e+03
4.279223434502021519e+03
4.349494985980379170e+03
4.451495741349922355e+03
4.357329479205692223e+03
4.034746642383660401e+03
3.859592893175904919e+03
3.803666874338472098e+03
3.583484326388924273e+03
3.772316880776128528e+03
3.696286171295187160e+03
2.730921658084171213e+03
2.941550141551657816e+03
2.827977658292849810e+03
2.665645526943415007e+03
3.130435690427679674e+03
2.707006865120660223e+03
2.866687242182529644e+03
2.917447948970941070e+03
2.846022304681498554e+03
2.808384617795420581e+03
2.937470385471443024e+03
3.521258622380341421e+03
3.841281185060357984e+03
4.046473456574717602e+03
4.339285237281005720e+03
4.846329931647385820e+03
4.810190563084691348e+03
4.864716192706171569e+03
4.995347098518827806e+03
5.058995959001985284e+03
4.909911744690285559e+03
4.783325558322093457e+03
4.851058564374042362e+03
4.968873388333748153e+03
4.841385179003272242e+03
4.756176150601926565e+03
4.487490403267040165e+03
4.556425587769714184e+03
4.666259524197368592e+03
4.838979714260250148e+03
4.687848999062510302e+03
4.694257711967728028e+03
4.716954668502468849e+03
4.676259213542175530e+03
4.652959984513737254e+03
4.960447545027813248e+03
5.002056835909492293e+03
5.163909527329275079e+03
5.169419584198622942e+03
5.084923344356235248e+03
5.127500063960219450e+03
5.124314505588063184e+03
5.146552806043644523e+03
5.181002205655279795e+03
5.211260704470914789e+03
5.058810807782879237e+03
5.109343346488699353e+03
5.161037794853322339e+03
4.884521235131773210e+03
4.952573794436222670e+03
4.768543194403057896e+03
4.611268734752422461e+03
4.654771256212411572e+03
4.555475960398349343e+03
4.659776864573163948e+03
4.547237752270239980e+03
4.453715945745430872e+03
3.477962925326884488e+03
2.978444235017534538e+03
2.355035744590828017e+03
2.009863476942932948e+03
1.528748881995863712e+03
1.026374963472816717e+03
8.770618104021518775e+02
1.121360219495659749e+03
3.685578106617868343e+03
2.533382136279046335e+03
2.107122354588409507e+03
2.205157110376324908e+03
2.927788856253031554e+03
3.167299614831038070e+03
2.826058182576839044e+03
2.410235423286608693e+03
1.927021029390303056e+03
8.338970608002472318e+02
8.124103915259262294e+02
6.223233550730697061e+02
4.037738382635259882e+02
1.564168067131060980e+02
1.346553809985222756e+02
5.279552804738845850e+01
4.353530200191625710e+01
1.239447524752517182e+02
1.611274215626893067e+02
4.000245462995185335e+02
7.847045352930232411e+02
6.621757735671193359e+02
1.137126103211498503e+03
1.393120447091846927e+03
1.887957678418368459e+03
2.123836522705732477e+03
2.482834890375787836e+03
2.965737335098817312e+03
2.978764237000188132e+03
2.790279790726320243e+03
2.594510462912564435e+03
3.028756230096503714e+03
2.561150770323511551e+03
2.735084369332056212e+03
2.590354234815743894e+03
