-2.107596840475941846e+01
-1.803685067750255655e+01
-2.216051360744883070e+01
-2.284443042912853272e+01
-2.492598089597466071e+01
-2.210453001405500828e+01
-2.851104649582649486e+01
-2.314566947945455766e+01
-2.264671841678024578e+01
-2.079230921504563767e+01
-1.838690729084274977e+01
-2.386786080158837819e+01
-2.513772969118145184e+01
-2.481348355868066591e+01
-2.158903078430392597e+01
-2.560024464164429503e+01
-2.338189222720849259e+01
-2.503321977626677608e+01
-2.362519120198426492e+01
-2.486066951112163892e+01
-2.355942226287929131e+01
-2.718371510365150456e+01
-2.836261954540875507e+01
-2.303989179517241581e+01
-2.644859192064066278e+01
-3.053237093322988827e+01
-2.878598774499596402e+01
-2.836710695391052539e+01
-3.280686216338361305e+01
-3.244502154010249484e+01
-3.606393491047592903e+01
-3.440128879312371879e+01
-2.882481585789504663e+01
-3.509027670741092919e+01
-3.404255272098257024e+01
-3.238865848117215762e+01
-3.400638620887735186e+01
-3.597202541273082943e+01
-3.307507608678719890e+01
-3.676254995758815625e+01
-4.053189313954374029e+01
-3.912855096828432977e+01
-4.082299398587322514e+01
-4.043964544266962235e+01
-4.098482199720936592e+01
-3.961589863442558368e+01
-4.293228311879668269e+01
-3.784980722532427677e+01
-3.956577865531074423e+01
-4.115382189970655702e+01
-3.943375737008030057e+01
-3.669771128102460267e+01
-3.856707575672395194e+01
-3.905249714665615812e+01
-3.671200605797149308e+01
-3.704372575990375083e+01
-3.802290812029266931e+01
-3.751289626817273870e+01
-3.932987040858724725e+01
-3.852255702840761842e+01
-4.596486913074624425e+01
-4.095691757318905957e+01
-3.938524820005155647e+01
-3.767933869273229419e+01
-4.116581493830136651e+01
-4.150559604304973504e+01
-4.601055584559095024e+01
-4.455239970726695731e+01
-4.254179070073170266e+01
-4.358859066806292049e+01
-4.239334015588392646e+01
-4.560259964279116929e+01
-4.211511214206100107e+01
-4.386434902722350415e+01
-4.563185926873063636e+01
-4.480155651428340491e+01
-4.131712523852258556e+01
-4.658032021379150933e+01
-4.630906492864927770e+01
-4.573530568494606285e+01
-4.701600120044667364e+01
-4.807209492603921319e+01
-4.483733829886360667e+01
-4.876916190659646588e+01
-4.621082152480161653e+01
-4.739951795677696822e+01
-4.869932153240852557e+01
-4.312067114097919784e+01
-4.735899909275402564e+01
-5.078514593007748346e+01
-4.910505522273142276e+01
-4.935315737501177580e+01
-4.749173407001244840e+01
-4.653886860559156702e+01
-4.927682889217128803e+01
-4.835344581585090395e+01
-4.734801053811124660e+01
-4.832814708494299794e+01
-4.967828491734863405e+01
-5.001451078646064019e+01
-4.943713126336627539e+01
-4.846384986971585107e+01
-5.165834055958948312e+01
-5.048496989916250755e+01
-4.929597719640011633e+01
-5.063849084391973321e+01
-5.198005210440927470e+01
-5.143410164023934072e+01
-5.006121132987954780e+01
-5.160403392958976099e+01
-5.135432442232465888e+01
-5.032772795289538692e+01
-5.127638758905936811e+01
-5.168553766293012330e+01
-5.125535613192945306e+01
-5.240983111419007656e+01
-5.172502318348113448e+01
-5.212844787564547744e+01
-5.188991237326948180e+01
-5.126602596440479687e+01
-5.161429033777076825e+01
-5.213092909416167942e+01
-5.248857941584769549e+01
-5.232220506006392924e+01
-5.238356690328986076e+01
-5.230757983486439855e+01
-5.204042954582678249e+01
-5.208948249779088968e+01
-5.258682134931102325e+01
-5.209453844985625892e+01
-5.227786733845015021e+01
-5.229750261201557038e+01
-5.211058720798617827e+01
-5.263804958577549797e+01
-5.252032348426541830e+01
-5.155140112042224843e+01
-5.220533815005826028e+01
-5.246170640738439062e+01
-5.272046997217869801e+01
-5.242958529366255505e+01
-5.296968991372123270e+01
-5.223214990770541277e+01
-5.286432695771431156e+01
-5.215761384238022913e+01
-5.142194003824162962e+01
-5.249529665950345247e+01
-5.175254805886551424e+01
-5.224683646800489356e+01
-4.955503611138652786e+01
-4.866988870425517888e+01
-4.968575069003394873e+01
-4.874875788305247681e+01
-5.183918556266898747e+01
-4.992083796153523423e+01
-5.177670820189499779e+01
-5.172338607479170491e+01
-5.168263898376947907e+01
-4.944458480379140752e+01
-4.813053380269267478e+01
-4.842153307499056325e+01
-4.872909804079613139e+01
-4.589544383240750847e+01
-4.936843842490693390e+01
-4.725500177235447552e+01
-4.830446881933153946e+01
-4.971535295621693962e+01
-5.013023894900006638e+01
-5.129051915738769907e+01
-4.979610489788931460e+01
-4.924649629339846513e+01
-5.015612816145853969e+01
-4.982253329400091957e+01
-5.217421094144187776e+01
-5.203475917442450793e+01
-5.085771170162446708e+01
-5.236098776389386700e+01
-5.122108628951170317e+01
-5.130828276755372741e+01
-5.163884272471945280e+01
-5.216940226285476712e+01
-5.184734183675089270e+01
-5.200245199027670395e+01
-5.229079527295698426e+01
-5.181766058952641174e+01
-5.169190213097989073e+01
-5.108201639808773109e+01
-5.181963987349704581e+01
-5.172470763051986609e+01
-5.211689149234022977e+01
-5.199276496983152640e+01
-5.218118471692275051e+01
-5.119505348744428375e+01
-5.159836089934427861e+01
-5.148228380411624983e+01
-5.251258193325946166e+01
-5.198587527912982864e+01
-5.073431190611708530e+01
-5.074183351892646243e+01
-5.086845095033386599e+01
-5.263304382852558660e+01
-5.247640513636162041e+01
-5.189214724125189804e+01
-5.204278391506991852e+01
-5.045715998580591588e+01
-5.080491369635536358e+01
-4.901434006404811328e+01
-5.033422267184571552e+01
-5.021969066922240188e+01
-5.029314054200780504e+01
-5.011836146227800270e+01
-5.102440552969402887e+01
-5.081931105618741640e+01
-5.145102959481781113e+01
-5.094548689532796004e+01
-5.189189716115046735e+01
-5.170223654939004376e+01
-5.076509964559750898e+01
-5.184432751757830005e+01
-5.182549868190113074e+01
-5.189942862049808525e+01
-5.206099684234692404e+01
-5.196956401720299112e+01
-5.225450030556521597e+01
-5.143231536739807552e+01
-5.201122153075560561e+01
-5.220966854416737135e+01
-5.100027363348552001e+01
-5.213441759225802485e+01
-5.222119673144018748e+01
-5.249827856581448060e+01
-5.149415715918573966e+01
-5.259096940060548064e+01
-5.202811613808827218e+01
-5.229201569453438481e+01
-5.256170593249200351e+01
-5.147763066694351863e+01
-5.149830697452505746e+01
-5.165397946294657316e+01
-5.179016781443979056e+01
-5.041002567654979316e+01
-5.085048097499610265e+01
-5.095714244047988473e+01
-5.073015973034220849e+01
-5.176475669939252100e+01
-5.147564370144948498e+01
-5.073626709372337729e+01
-5.086179919436548857e+01
-5.168935877384592459e+01
-5.010560346651291042e+01
-5.133024893429534075e+01
-5.175985529131398977e+01
-5.143419077050084809e+01
-5.110295954221561487e+01
-5.028728153363964992e+01
-5.131694073773662979e+01
-5.030026647816888641e+01
-5.113893110920112406e+01
-5.062942538681320315e+01
-5.208192349320611214e+01
-5.144853345189825689e+01
-5.137774580772249067e+01
-5.153900584782783767e+01
-5.149800469820228699e+01
-5.148976897699674282e+01
-5.246593077872243782e+01
-5.108556301054145621e+01
-5.225418183623841628e+01
-5.129746172395348935e+01
-5.203570424238546366e+01
-5.162865166562949781e+01
-5.100188001321834719e+01
-5.194269005416445140e+01
-5.148663375617292814e+01
-5.185965143514043518e+01
-5.212653547795333964e+01
-5.113896244015365511e+01
-5.204030579445319660e+01
-5.201267222703619808e+01
-5.220453490260575791e+01
-5.225057055299029685e+01
-5.211157293906167354e+01
-4.805869696164316451e+01
-5.146014352291769001e+01
-5.121080266351298604e+01
-5.227512863356201223e+01
-5.142014161800773309e+01
-5.027939447754867786e+01
-5.143648119130528329e+01
-5.177215051600543916e+01
-5.177521157928030959e+01
-5.234397653907975467e+01
-5.161988455185950642e+01
-5.208792884598044282e+01
-5.210657558378454723e+01
-5.209256063776369672e+01
-5.241902976486037602e+01
-5.208710483077167197e+01
-5.184928514179367198e+01
-5.186003013443129106e+01
-5.188906956337526566e+01
-5.229040202740002030e+01
-5.216839257959832565e+01
-5.272465707189494566e+01
-5.271826459154963374e+01
-5.236079540936005827e+01
-5.137822973902935075e+01
-5.179406202383587754e+01
-5.207871918163578329e+01
-5.183929310157201797e+01
-5.225887793168494966e+01
-5.176719748070476612e+01
-5.239057948440790824e+01
-5.220662536055615277e+01
-5.250933774642647478e+01
-5.233079316662339409e+01
-5.215564057367632955e+01
-5.161818806169303997e+01
-5.218300583576856155e+01
-5.194657791775796341e+01
-5.175172156302144799e+01
-5.178908918492676605e+01
-5.228097331289803407e+01
-5.264546886334928644e+01
-5.277570801746676210e+01
-5.204447211044790578e+01
-5.220191513755969481e+01
-5.238613965560122665e+01
-5.275505487834137597e+01
-5.238428087564054181e+01
-5.246333906163138749e+01
-5.231084396373235990e+01
-5.239600292478509402e+01
-5.215900841218929429e+01
-5.207881490236674438e+01
-5.204367602914158653e+01
-5.256312281567745259e+01
-5.223381710486737717e+01
-5.233649601156241715e+01
-5.189560559012916485e+01
-5.176723151645182242e+01
-5.300958842379000657e+01
-5.185654785077631601e+01
-5.261834278665234876e+01
-5.226631387777037219e+01
-5.255895738687173946e+01
-5.187880438739932032e+01
-5.267028224520673518e+01
-5.213985053966472094e+01
-5.205134056598357972e+01
-5.259753359049361165e+01
-5.205961662732319439e+01
-5.207928443806765983e+01
-5.222154361581385018e+01
-5.260172871947573014e+01
-5.148818049930741125e+01
-5.143149188818237860e+01
-5.180092363655102616e+01
-5.122141003394084890e+01
-5.143560907317209541e+01
-5.189634442115447399e+01
-5.228146963247076684e+01
-5.120159883339493945e+01
-5.237855727921459703e+01
-5.169075650651815579e+01
-5.121416792634204285e+01
-5.229231495165091559e+01
-5.213388894435787790e+01
-5.213442458343298114e+01
-5.218944236538359860e+01
-5.176447447180272121e+01
-5.185760478465380174e+01
-5.149752386826002493e+01
-5.091752243998752903e+01
-5.136650412459079007e+01
-5.224199088729786666e+01
-5.083672477105986331e+01
-5.197051543994908940e+01
-5.219320138467659831e+01
-5.152197805855319501e+01
-5.203195218578109404e+01
-5.168552460249998859e+01
-5.128772379851614716e+01
-5.249275310363849201e+01
-5.211145323303949795e+01
-5.179542897280258984e+01
-5.143248251457215048e+01
-5.166720580661342410e+01
-5.131413642044892498e+01
-5.178147753925254193e+01
-5.087314394483431101e+01
-5.100500821722852862e+01
-5.063156650187720231e+01
-5.110505599256874376e+01
-5.188791553609467400e+01
-5.239728638641916092e+01
-5.078319162283283106e+01
-5.058731786250006479e+01
-5.118358943976188158e+01
-5.163232286825373762e+01
-5.161832917166790935e+01
-5.166186160076943423e+01
-5.083018830385963582e+01
-5.154201277314633245e+01
-5.219168395234169111e+01
-4.637660442104049707e+01
-5.070662961808974245e+01
-5.165170538814323464e+01
-5.091853732771155450e+01
-5.273188287937532692e+01
-4.898135842077522284e+01
-3.354761579846113051e+01
-3.862976175602776152e+01
-5.168615724125577060e+01
-5.122397204641571022e+01
-5.247836000729807182e+01
-4.136249010181259678e+01
-2.404795572034455731e+01
-3.903041289541558712e+01
-5.222586880499834194e+01
-5.082734055283051333e+01
-5.199618052697847048e+01
-3.417976654167098616e+01
-2.071381963779838387e+01
-4.546959631298155813e+01
-5.076334963888936613e+01
-4.804062002958919209e+01
-4.358331457675551945e+01
-5.264343036934196363e+01
-5.133402444527637698e+01
-4.935165498271791762e+01
-5.163790631861861868e+01
-5.199483727055768867e+01
-5.214063921710175720e+01
-5.165402279407651065e+01
-5.237325907934457092e+01
-5.240679769111173414e+01
-5.241969245318145454e+01
-5.269840143571826019e+01
-5.227604629492275023e+01
-5.280517309648823954e+01
-5.207106529238456716e+01
-5.265230024501084216e+01
-5.202185308253763907e+01
-5.176002203377139210e+01
-5.236737402369478644e+01
-5.173332183753876734e+01
-5.205181241062781794e+01
-5.135595231275401318e+01
-5.142911053454569270e+01
-5.189401866650044326e+01
-5.076362814118724032e+01
-5.180337435887035724e+01
-5.231052916689320398e+01
-5.150752052738585007e+01
-5.076713238733525202e+01
-5.209546263910940667e+01
-5.210097929439207576e+01
-5.151261698549977552e+01
-5.294250587502170191e+01
-5.228490383472961867e+01
-5.267149551221814363e+01
-5.251818296329507518e+01
-5.136788745068243145e+01
-5.188886070238303461e+01
-5.049666080485853570e+01
-5.215168141986470118e+01
-5.304231074240887978e+01
-5.236932837015108078e+01
-4.946307669430179033e+01
-4.959148951913358871e+01
-5.022151785050480299e+01
-4.828773352921253093e+01
-4.359248640907130579e+01
-3.561954770402844161e+01
-3.329015449427113538e+01
-3.805362582293928853e+01
-4.002300020227099253e+01
-3.522694462057023657e+01
-3.318575013770974635e+01
-3.352540019229828516e+01
-1.360126107466286349e+01
-9.427422654611397945e+00
-8.086354336391085695e+00
-8.830950987748028780e+00
-1.069883763557620604e+01
-1.049043545878145345e+01
-6.920639054574069249e+00
-8.532827900645536090e+00
-7.789770134262266055e+00
2.277974931198947615e+03
3.716440795184113540e+03
4.409109828434331575e+03
4.550994546613888815e+03
4.885056214680761514e+03
4.486350966518516543e+03
3.600966125093287701e+03
2.853395453936017930e+03
2.773152842377467096e+03
2.601653874087765871e+03
2.548593341850625620e+03
2.743793866430666185e+03
2.710677338706057071e+03
2.662545926962227895e+03
2.600336112640768079e+03
2.393622471009447509e+03
2.616657478516268384e+03
2.620378486891179818e+03
2.788699221024452982e+03
2.683127284466992933e+03
2.246740339825510546e+03
1.932430024942314276e+03
1.737446824792702728e+03
1.518869838995109376e+03
1.433348821346075511e+03
1.163924069622410570e+03
1.323317201079135430e+03
1.410327604323478226e+03
1.352198932056151762e+03
1.325253520765706753e+03
1.212152305960759122e+03
1.187523218400344604e+03
1.157792867015598176e+03
1.180152680627714972e+03
1.077384233208842261e+03
9.878549978660328179e+02
7.531518968480511376e+02
6.464808595219136578e+02
7.285506478370372179e+02
6.867399604715553778e+02
6.293013963684433065e+02
5.476516155127150114e+02
5.747911887645130946e+02
5.624753591627429614e+02
5.744095630698991499e+02
5.434204154862152336e+02
5.508373562261650704e+02
6.288723623199105077e+02
5.655014150108340800e+02
6.311658827204107638e+02
5.640871807226487817e+02
4.938274321760076759e+02
4.576576476283725015e+02
4.277039983275303712e+02
3.836982703990684627e+02
4.965973719692156010e+02
5.106433726271578735e+02
4.824677921784131058e+02
5.541337859662844494e+02
7.173218614766777819e+02
4.751737793651842594e+02
6.417458034699570817e+02
5.871456859182546850e+02
6.210395891335522265e+02
6.680443596405661992e+02
5.196618740924139956e+02
5.354964501077174646e+02
7.510545905835068652e+02
8.396872903459830013e+02
9.405445281608876940e+02
1.207586975828487994e+03
1.300524100324895699e+03
1.113379822308370649e+03
1.164041773386021305e+03
1.223053171656396216e+03
1.326122941648962978e+03
1.406222795771535857e+03
1.280392810066234688e+03
8.451693611499090366e+02
6.660175725725833900e+02
6.959983019727892497e+02
6.724087751593699522e+02
7.661528546766904810e+02
8.742517131986447794e+02
9.952759630229104459e+02
9.330674418772716763e+02
1.003976110545918573e+03
9.050897202270732578e+02
1.027298025884722847e+03
1.363064405211459189e+03
1.545810187970835386e+03
1.614257155297630788e+03
1.807786879304594095e+03
1.767204645522240526e+03
1.744651801097455063e+03
1.656689077522935122e+03
1.805268288235173031e+03
1.871000823736494567e+03
1.845216827929828696e+03
1.956970599778843962e+03
2.058982908404656428e+03
1.862273731274681040e+03
2.060201584207946325e+03
1.837271068983132636e+03
1.751113451031674686e+03
1.784703660861058552e+03
1.506324711116924618e+03
1.829854355988929228e+03
1.895955340431496552e+03
1.925860675872670072e+03
2.051250595413328028e+03
2.106280523301828907e+03
2.157314497663135171e+03
2.137068577743055812e+03
2.097050578698943809e+03
2.092504777746729815e+03
2.135718570220408310e+03
2.064925526327745047e+03
2.376559275669036651e+03
2.436082382325582330e+03
2.419103031788401950e+03
2.179734173712497977e+03
2.287364089291994787e+03
2.379331692886300061e+03
9.843590322158262325e+02
4.947404590343620043e+02
4.374760462659916129e+02
8.394770425386718671e+02
1.321449582023736639e+03
1.404906505711508771e+03
1.694031814433457157e+03
1.992618250302444721e+03
2.125931492355271985e+03
1.457037314574429502e+03
1.441894542887223224e+03
2.110926676830827546e+03
1.743479275250288310e+03
1.605355750031711295e+03
1.569890894339413535e+03
2.283705209261978780e+03
3.020705135313944993e+03
2.756480761401382097e+03
1.332880976544106261e+03
4.359663991109180756e+02
2.904097987096034217e+02
1.101565105682381471e+02
4.076896727117858177e+01
3.651612272888728512e+02
1.126894041787676315e+03
1.490092613737565671e+03
1.045051057156755633e+03
6.978545763160946080e+02
7.604495050057173557e+02
9.629321942299455941e+02
1.040616421219909853e+03
9.771690370105224019e+02
8.326074887084615739e+02
6.510619668427439137e+02
7.863149656798772185e+02
5.841422117805815333e+02
6.114058383718273717e+02
5.544919579553402400e+02
7.214389510490321982e+02
7.135765089946884245e+02
8.369733121819107282e+02
1.138421021447393969e+03
1.378337466630074232e+03
1.476777993139571208e+03
1.540450962894743952e+03
2.001422307263060247e+03
2.193851501945418931e+03
2.344804830757610489e+03
2.362879631225566754e+03
2.322949174111508910e+03
2.097458117229882191e+03
1.597036472156056561e+03
1.229114917624866166e+03
1.041920631378582357e+03
1.072727229201576165e+03
1.152988524602044208e+03
1.186925569383264929e+03
1.473407797886571188e+03
2.145378456013202140e+03
2.180991588954259441e+03
2.493059326181919914e+03
2.887353524461003872e+03
2.836982511681172127e+03
2.699137592337443493e+03
2.609124273204386100e+03
2.818640586736876685e+03
2.961229174016509660e+03
2.656725481891136951e+03
2.479784180282897069e+03
2.391817550696582657e+03
2.247507350338679316e+03
2.357946965521555740e+03
2.361048660052929336e+03
2.368539982824497201e+03
2.374852529827105627e+03
2.376955589604523993e+03
2.559992864314228882e+03
2.286785332550994553e+03
2.553042888591715382e+03
2.622428934381200634e+03
2.883606274167969332e+03
2.896851857876657050e+03
2.997640894518515324e+03
2.733488005519419403e+03
2.614716881024187387e+03
2.165331015876383844e+03
2.341806817361183676e+03
2.316349831998517402e+03
2.243499378986120973e+03
1.941985588155153209e+03
2.164123293177253800e+03
2.217495954643944060e+03
2.243100159511898710e+03
2.352526983664524323e+03
2.167806044372726774e+03
2.053826868528489740e+03
1.952397747081072566e+03
1.726676408945178082e+03
1.778959634431943186e+03
1.693576688780779023e+03
1.541756516598690496e+03
1.612205866452510236e+03
1.598952216764933155e+03
1.682636421957562106e+03
1.623374045339462327e+03
1.747227150831698509e+03
1.537212797751581547e+03
1.491151378193127130e+03
1.772061594094160455e+03
2.032857976650430601e+03
2.051483935856352218e+03
2.175713371440002447e+03
2.019765329831840063e+03
2.089141380137489250e+03
2.196777972894836694e+03
2.050090909116079729e+03
2.144453680184569748e+03
2.097482225941407705e+03
2.093413707483064172e+03
1.924778135535876572e+03
1.996874804640423690e+03
1.923181269111078336e+03
1.882155646322389202e+03
1.660921411245444460e+03
1.620410198927035935e+03
1.533477785472876349e+03
1.454875987413027815e+03
1.364875856224251947e+03
1.282194918478023283e+03
1.251419041931126685e+03
1.313443233769213066e+03
1.360572290779833565e+03
1.330422841708337728e+03
1.197013179619730181e+03
1.069582366429320246e+03
1.151145986729315382e+03
1.046719913059471310e+03
1.133080434532255822e+03
1.073931947175648929e+03
9.469818592863085769e+02
1.131054792352807908e+03
1.059225051739999572e+03
1.199232357715908847e+03
1.092911132959118049e+03
9.360492588136273753e+02
1.073345623510974292e+03
1.093754423695519563e+03
1.131182437250980684e+03
1.198965027316161013e+03
1.178169417754107144e+03
1.252136677902592737e+03
1.271036425876663316e+03
9.763973911558496184e+02
3.482692015452286114e+02
2.675296666235092857e+02
2.348696452990881767e+02
2.346850763191720262e+02
3.247453101383833314e+02
3.364663531990312322e+02
3.205751885758306798e+02
2.791656967294354104e+02
3.320969353036804819e+02
3.738815641332307109e+02
3.089615035963518608e+02
3.093463662425904772e+02
2.496338191598136689e+02
3.974743610052699978e+02
2.192434576513446984e+02
2.546714099909447668e+02
2.464860909647643439e+02
3.064143114075718586e+02
2.655044903575381454e+02
3.102143427049447837e+02
3.166340421918300763e+02
4.389324199603437364e+02
3.956573233628647586e+02
4.411203982940619426e+02
4.344914959557229395e+02
5.460425732073866811e+02
5.054691006704311462e+02
5.067497119053206234e+02
4.457652876670338742e+02
5.628354958530034082e+02
4.382193671127106995e+02
4.731553623672314757e+02
4.376802540082919108e+02
3.673544205202616695e+02
2.664880940197629684e+02
3.664410714578685315e+02
3.766966085225228085e+02
3.854871604675457206e+02
3.880177633698139630e+02
3.995293551539054988e+02
4.233154791851399068e+02
4.405355437741290530e+02
4.217323056136712012e+02
4.266328547286686899e+02
3.976388869849776029e+02
4.438303862252752765e+02
5.671454683990858712e+02
3.722573767420439026e+02
4.690623462452295485e+02
4.060686155384848917e+02
5.041195825534921369e+02
4.422239402233698229e+02
3.643522861252281473e+02
4.906342454405982494e+02
4.853772315436331724e+02
5.883436753791695537e+02
4.686376304383056777e+02
5.065916960320866451e+02
5.020935630541025034e+02
5.635415946651103241e+02
7.820203080378347522e+02
8.743701434189861175e+02
7.927014195236807836e+02
6.013324193106911935e+02
3.431890579143897071e+02
4.309886047981271986e+02
6.266281733015956661e+02
7.530305356466867579e+02
8.531626715613401757e+02
8.395951098015519847e+02
8.307258804460376496e+02
8.414390895948482694e+02
7.278026831543835442e+02
6.038200727399171228e+02
9.661862657888668764e+02
1.136917615120451956e+03
1.378938451671403072e+03
1.088081769844404107e+03
1.244910055241694181e+03
1.162787087006067395e+03
1.471766895324041116e+03
1.969718581036273235e+03
1.947082577584785213e+03
1.719463329076301761e+03
1.524442008032294325e+03
1.229765689287856276e+03
1.285316297717052066e+03
1.401809062041506422e+03
1.340887489294655097e+03
1.139317424747502855e+03
1.196066439585330272e+03
1.186547680495696113e+03
1.154219737571997939e+03
1.062590895374116144e+03
1.170590324532786326e+03
1.117733806004624739e+03
1.175432467558322060e+03
1.326506532139779893e+03
1.549537690601864597e+03
1.528669633274139414e+03
1.372955195263094993e+03
1.195613652310542193e+03
7.323850498474173492e+02
5.348297587501847374e+02
5.431353246356741238e+02
6.179503104124904667e+02
6.247591413755314989e+02
6.667757623007611301e+02
7.335185167534191351e+02
7.118726230951969001e+02
6.112075941686618989e+02
2.927952065758582876e+02
2.130399529517988810e+02
2.024070477111436901e+02
1.487533265717347604e+02
1.348558312503532477e+02
9.564933723562315038e+01
-2.940258608363726101e+00
6.560436679421840722e+01
6.337097480380237613e+01
7.565861492753460027e+01
1.233911366808792707e+02
2.435820444320508216e+02
2.089671945344351229e+02
2.058127742669556071e+01
-1.292372746167666975e+01
-1.932833748406301178e+00
-5.377935568675862310e-01
-2.366758443808107404e-01
-3.504892809218448924e-01
-1.288495698959483682e-01
-2.201486069022772218e-01
-6.195001287888109998e-01
-4.190932976551189348e+00
8.588924262966339995e+01
8.210515900914007261e+02
4.872141139795865001e+02
5.512225535445288642e+02
7.147184302882370730e+02
6.717958785311727752e+02
3.326374201016133156e+02
1.139591369878886553e+02
-1.633058447137909264e+00
-5.811760854467785675e-01
-4.809734346662994930e+00
1.630639057209968712e+02
1.373317406665856311e+02
6.833854467422207790e+01
2.823237542691408635e+02
3.313178966192450048e+02
8.123954994352753545e+01
7.358467222402066454e+01
4.278645489691994044e+02
9.244057082153179863e+02
1.019168817660545074e+03
6.272224572690263358e+02
4.472224448556103766e+02
4.520203414317654733e+02
8.231946674123925050e+02
1.988176881766005181e+03
2.213652284811323170e+03
2.234032689204670987e+03
1.984467402598888384e+03
1.818340188229147316e+03
1.708228385674207857e+03
9.827400165753942929e+02
1.011926823830573170e+02
-1.260968089765858657e+01
-9.811965681929322614e+00
-9.228709453924583528e+00
-7.500287212327118702e+00
-5.187587825950072506e+00
-1.363973399730801450e+00
-2.859348440775565381e-01
-4.862068156123514062e-01
-1.905530859669562593e+00
-6.424641920118566496e+00
-2.609287373861136405e+00
-2.923180114843682897e+00
-2.130245524260191647e+00
-1.652225378939996769e+00
-3.732086772192644730e+00
-1.720076500645791429e+00
-1.329691121236169282e+00
-1.018237524164301133e+00
-7.634934749502245710e-01
-5.755306982962532514e-01
-8.328393216237041097e-01
-5.346380523713638588e-01
-7.927198952819255462e-01
-1.568079133802680269e+00
-1.335461652486992001e+00
-1.927694224913512278e+00
-2.553546215220576343e+00
-1.027053778508124537e+01
-2.437976730874747133e+01
-1.102143105588557503e+01
-1.260727134104717884e+01
-2.324621391755899324e+00
-1.101172355838526407e-01
-8.409122261443310875e-02
-1.005281900272609746e-01
-4.410967505174333003e-01
-3.039170210103081526e+00
-4.667386551300058528e+00
-1.595064797674283552e+00
-3.820974881321467898e+00
-3.368588161304308493e+00
-2.305108842616427012e+00
-3.089499845955576696e+00
-7.108307019397266835e+00
-7.242294405600988583e+00
-5.056565446368078476e+00
-1.069586968089315526e+01
-1.365313247296568200e+01
-1.573915617343132212e+01
-8.257794527745691227e+00
-6.484853704420234344e+00
-2.878275130198936438e+00
-4.762530638578097886e+00
-4.883098964280825349e+00
-5.948317146318217397e+00
-8.368135440262200575e+00
-8.701399996224749245e+00
-2.304844209574604719e+01
-1.583246757745758337e+01
-1.790723815934665097e+01
-1.295887254661572108e+01
-7.545210224098981122e+00
-2.943367531333910048e+00
-3.306453883430774621e+00
-1.198521649975997194e+00
-4.356271236788707313e+00
-2.577944188871050368e+00
-4.199188710150668413e+00
-7.893747349748310604e+00
-1.178345102162872315e+01
-1.647050162779719074e+01
-1.531760631131439432e+01
-1.032591788819021161e+01
-3.749113254078246360e+00
-4.043644258754324206e+00
-3.502368701681797258e+00
-2.475595893005156700e+00
-8.619985341893920960e-01
-2.009474353030376026e-01
-7.697624654601079031e-02
-1.329377318618956971e-01
-1.807061508101349967e-01
-7.665466022403338853e-01
-8.940863798007677582e-03
-1.043290767269105775e-03
-1.436433849043370205e-04
-2.043965772966497467e-04
-7.274693627014864770e-05
-2.302187636125611198e-04
-1.943703134664482657e-03
-6.518515287397605440e-02
-6.709888819301203233e-02
-3.487804811246500436e-02
-1.601167913364929737e-02
-2.025982859174505282e-02
-5.122779936142306256e-02
-4.765458195408274478e-02
-2.580180542526941956e-01
-3.132439397891416122e-01
-8.389408304809370387e-02
-1.061577590278785788e-01
-1.975641339718607614e-02
-1.133898977854627343e+00
-3.003724893455089529e+00
-4.097955798449054221e+00
-4.853063655003994725e+00
-9.823090887325827580e+00
7.868122197876821211e+00
1.854427429962094820e+01
-3.792730549674257823e+00
-2.299645116745271167e+00
-5.730043282973217300e-01
-2.920411935420829178e-02
-7.244080325980138679e-02
-1.672112758765555707e-01
-8.022461477154652076e-02
-6.565359116994436972e-01
-7.888431135775165748e-01
-1.841703599824105364e+00
-6.740678947248326836e+00
7.586799955898294867e-02
1.238324735601488271e+02
8.712458204155552721e+02
1.407251174413288936e+03
1.422987756607785968e+03
1.357353363862577680e+03
9.978979027721165949e+02
5.480053128963782001e+02
3.618016271227496077e+02
3.505701126756980557e+02
1.046399369124280980e+02
-2.828007670493706716e+00
-8.720114208949000245e-01
-2.632461800249080719e-01
-6.121038572616512019e-02
-8.482589685299250781e-02
-4.873912087465820386e-02
-1.341034013256880431e-01
-1.982656970560907339e-01
-9.577475259666010654e-01
-1.027610357875629266e+00
-6.108378403840829529e-01
-2.886048562443193632e-01
-3.381333377092315268e-02
-2.193698154148602392e-02
-1.091721921326049144e-02
-3.211685273707077983e-03
-3.548519083138711172e-02
-1.365667674252026564e-01
-3.156897825560945215e-03
-3.511077587018688901e-03
-4.621926064056552323e-04
-5.897512052780894202e-05
-1.544538790038615396e-04
-9.222302039748661161e-06
-5.330773594984867305e-05
-2.347946407101164336e-05
-1.398478316680747309e-04
-4.071003038338836764e-06
-1.441667472252148850e-05
-2.416865511266513448e-05
-2.156430400665776753e-06
-8.439379221394089222e-07
-2.868051747073128266e-07
-1.280509104456894497e-06
-8.312083427082485682e-07
-2.098434259201676131e-07
-4.726217900047689951e-07
-6.285962332463083187e-05
-7.061359696593318743e-04
-8.380817283815501090e-03
-1.336213438285650812e-02
-1.867634845152727624e-02
-1.185364985503334356e-01
-9.020916995960298612e-02
-4.330349222239445600e-02
-2.125605047709755446e-02
-1.159187460328148581e-02
-1.983755350071402662e-02
-3.200582552274582743e-02
-1.317884473609256743e-02
-4.040485531051428436e-02
-2.708948524589763554e-02
-4.444802594779490718e-02
-1.031093624366295064e-01
-1.616970056039788994e-01
-6.791584471552143676e-02
-6.658592572094575168e-02
-6.656761501745026011e-02
-9.246904687703730308e-02
-1.836375777284265653e-01
-2.050512937542570968e-01
-5.363967873341094483e-01
-1.014497120433518029e+00
-1.222944837247879057e+00
-8.240169307620559547e-01
-7.477004560677775746e-01
-8.493892732004918456e-01
-1.234030615412339271e+00
-7.623132314833133139e-01
-4.277473092339118292e-04
-5.853525546243750068e-05
-2.772239059418755541e-06
-2.670709743803165096e-06
-3.617642040648089818e-06
-1.418520907830610780e-05
-7.196175407538623238e-06
-2.933515637929974399e-05
-7.268887579746293546e-06
-5.863863138349557574e-06
-1.291921289254526492e-04
-5.192204962828975925e-06
-2.986830875059590266e-06
-8.168536825994913761e-06
-1.483931655234280044e-06
-1.482941270215595271e-05
-4.899191410012510088e-05
-5.653886485426244959e-06
-3.801182805427395367e-06
-1.625738837632941043e-06
-5.524915751087846100e-06
-6.702312131984836355e-07
-4.707649617466144433e-05
-3.944019762605006159e-06
-4.278266101812821219e-06
-3.457871238574201965e-06
-9.845893202390702150e-06
-4.431550400287386125e-06
-5.804405836847130630e-06
-3.463617036973829686e-06
-3.567382369037517448e-06
-6.988438558594070983e-06
-4.202278348754498200e-06
-1.802992118904176767e-05
-4.441118353442513079e-05
-4.158431201806562756e-05
-7.568997132588371757e-02
-1.594597707205094861e-01
-2.272339679596670492e-01
-9.395580646984674766e-02
