-2.808061731539120842e+01
-2.838441112287890178e+01
-2.992563659338806659e+01
-2.632005572485964251e+01
-2.596438555593851305e+01
-2.259346784421172316e+01
-2.912727748919540360e+01
-2.577404741362413887e+01
-2.394525084824530836e+01
-2.902804579047617040e+01
-2.549520494668890080e+01
-2.769724619727031723e+01
-2.360656891938850421e+01
-2.530623403675193828e+01
-2.385840421115625176e+01
-2.130624681823546851e+01
-3.097024691909215832e+01
-2.840994109841335202e+01
-2.464474439989236387e+01
-2.876070413031832373e+01
-3.096761468120043048e+01
-2.803807509678341248e+01
-3.205364698582748417e+01
-3.208362072393883579e+01
-2.942199070318928023e+01
-3.387830162770386977e+01
-3.533501744713613846e+01
-3.757025465362080752e+01
-3.715649425001575423e+01
-3.291161023657632256e+01
-3.108861647002913386e+01
-3.430737402829560523e+01
-3.588396938672901371e+01
-3.376487340479450694e+01
-3.345185100269183920e+01
-3.576349109167055929e+01
-3.837594395844463691e+01
-3.233286464454372577e+01
-3.299029507330286037e+01
-3.237374223720535582e+01
-3.508546836915493117e+01
-3.729039844779310187e+01
-3.378768135736752498e+01
-3.711752002190159061e+01
-4.022947518303482184e+01
-3.526631369053190923e+01
-4.221704325352072829e+01
-3.484286711085422183e+01
-4.048847718353280101e+01
-3.230066303469627087e+01
-4.062113825057051741e+01
-3.341236758484791380e+01
-4.135093699299657288e+01
-3.552419108172016138e+01
-3.707459913246766803e+01
-4.595478498895785435e+01
-3.383751619103469466e+01
-4.227013767273783884e+01
-3.840311668897911801e+01
-3.590444149425810849e+01
-3.848019457761738238e+01
-4.211040058312647005e+01
-4.339595661104863211e+01
-3.752558631617106499e+01
-4.628544897986218842e+01
-4.034956032907946621e+01
-4.181535457988147186e+01
-3.973757871252732343e+01
-4.391296266996622677e+01
-4.194002529164506399e+01
-4.305299853862999981e+01
-4.355853299784307353e+01
-4.771577232948558134e+01
-4.382913286493931082e+01
-4.794304023738662579e+01
-4.673689704645021692e+01
-4.625641269815851331e+01
-4.516957827221290955e+01
-4.667448598692906359e+01
-4.824962299935636167e+01
-4.253999821900694656e+01
-4.763578762603434313e+01
-4.432637313438819149e+01
-4.329677113053389093e+01
-4.796501498619009141e+01
-4.589586824595647840e+01
-4.545455539250438903e+01
-4.461940258563096506e+01
-4.276381894273388440e+01
-4.020023479961005108e+01
-4.428599861491872502e+01
-4.830786940016188424e+01
-4.867706843179445997e+01
-4.811680908521449851e+01
-4.915045549171824035e+01
-4.972728068667715462e+01
-4.904908146720049444e+01
-5.058755272008450987e+01
-4.922425634179317910e+01
-5.088238723271938824e+01
-5.181430498278826491e+01
-4.983380527399096138e+01
-5.054704139829897258e+01
-5.172080884591594696e+01
-5.056135648136377370e+01
-5.162002634056521799e+01
-5.244583465082691731e+01
-4.990926307339392309e+01
-5.172220958079820718e+01
-5.146648908234433151e+01
-5.108407485919967428e+01
-5.101904894732493290e+01
-5.188005773015579081e+01
-5.174418874724039341e+01
-5.157976680124604485e+01
-5.171188944177644942e+01
-5.205868454388235733e+01
-5.137361203204330451e+01
-5.167109195164931634e+01
-5.152921445639705667e+01
-5.067075241403633612e+01
-5.172303286548162049e+01
-5.124497665849897743e+01
-5.160743133616928446e+01
-5.177312229308341784e+01
-5.199075619441801877e+01
-5.154403346387745444e+01
-5.205491345365058464e+01
-5.201873190526343649e+01
-5.151836830580393212e+01
-5.165425910285122058e+01
-5.142802648085122286e+01
-5.217247130514748932e+01
-5.167155913284315005e+01
-5.085221853872750586e+01
-5.164233887298138370e+01
-5.098514794946757434e+01
-5.206166785140722908e+01
-5.173784736241626803e+01
-5.241779276380724895e+01
-5.233185236452821698e+01
-5.231930749534107150e+01
-5.196641385687156856e+01
-5.215582263297450538e+01
-5.190046732668578500e+01
-5.193174279867602650e+01
-5.124345509325758030e+01
-5.157154673225129216e+01
-5.230623492151421061e+01
-5.171488235191444005e+01
-5.133362539098022381e+01
-5.214789196646569280e+01
-5.179632616042394488e+01
-5.173686898200531914e+01
-5.165877399460701724e+01
-5.167764264803360419e+01
-5.205497150958234442e+01
-5.192637955784414316e+01
-5.027633635596113493e+01
-5.146508265476911248e+01
-5.250534330769292524e+01
-5.135902235130651405e+01
-5.166025099567090706e+01
-5.177311653877048059e+01
-5.167794725822844981e+01
-5.171671101515840263e+01
-5.157954726835377102e+01
-5.238945642154782689e+01
-5.202465336259353990e+01
-5.266093467783020543e+01
-5.215655465397048829e+01
-5.179649156137136146e+01
-5.215352449572844051e+01
-5.206920706396812903e+01
-5.176122683650426382e+01
-5.156159491240926229e+01
-5.226181300524804385e+01
-5.236616284958019918e+01
-5.251078690116695924e+01
-5.194907575116356213e+01
-5.253924338662915972e+01
-5.232549011345322043e+01
-5.204308500218419198e+01
-5.218236599591160996e+01
-5.176137886589174997e+01
-5.148094255064310687e+01
-5.212564623722280288e+01
-5.240644660664752053e+01
-5.187685729822578651e+01
-5.209725057612735100e+01
-5.251308366307970488e+01
-5.193865328921488356e+01
-5.198508544615629745e+01
-5.256840819430212264e+01
-5.160712757239885917e+01
-5.201464784358290672e+01
-5.186410957338189576e+01
-5.255847629124325238e+01
-5.213288801565037289e+01
-5.210298652745838410e+01
-5.178746841320411676e+01
-5.205846796029265278e+01
-5.232675442439286684e+01
-5.204642847371719228e+01
-5.189988897892748554e+01
-5.261281546053944425e+01
-5.255373664802389300e+01
-5.277376114901721138e+01
-5.244707840776815289e+01
-5.260662492061320705e+01
-5.234022369026575916e+01
-5.232714596468362345e+01
-5.231308531247482563e+01
-5.300081809221167362e+01
-5.259236135589539884e+01
-5.195106021334279944e+01
-5.241957055040705882e+01
-5.238159438868792961e+01
-5.240457103913367831e+01
-5.279166478447130118e+01
-5.265804204488293294e+01
-5.228064090440470579e+01
-5.259993755542391369e+01
-5.301557771677531861e+01
-5.269134844206492119e+01
-5.242184912811454467e+01
-5.200260206723211809e+01
-5.226081385253579725e+01
-5.321289613319458311e+01
-5.281696206949504102e+01
-5.267772425469218689e+01
-5.246203570491429957e+01
-5.214495723529628890e+01
-5.227178455850632588e+01
-5.283546925746469469e+01
-5.246622404174652843e+01
-5.204947366008796195e+01
-5.266816357929632630e+01
-5.269519152122591521e+01
-5.195186853950623629e+01
-5.243677887210895250e+01
-5.241883991889470451e+01
-5.295355285246511556e+01
-5.254254932539119238e+01
-5.221597778353934416e+01
-5.253706379290809991e+01
-5.245772470532762100e+01
-5.198644729560984956e+01
-5.283714436867735742e+01
-5.236765790652050612e+01
-5.273620548052277712e+01
-5.219450404065915450e+01
-5.235218156755723840e+01
-5.180241255058942329e+01
-5.258237478289365185e+01
-5.265373571466160740e+01
-5.173909965548286038e+01
-5.219115866469543619e+01
-5.180748153403486356e+01
-5.196482433329900630e+01
-5.251843483144817526e+01
-5.178744086622825193e+01
-5.193758333142297801e+01
-5.236192486959145498e+01
-5.305112085736545424e+01
-5.276092424185183916e+01
-5.226016875618964974e+01
-5.208000894752397159e+01
-5.220982731859029968e+01
-5.272601403256813057e+01
-5.199916860238630534e+01
-5.251402473050428910e+01
-5.263507762155339265e+01
-5.264820085721733278e+01
-5.287983149122647575e+01
-5.262798254055307012e+01
-5.206987328035943108e+01
-5.228272802976152889e+01
-5.206689180917007320e+01
-5.208493562782991404e+01
-5.275924461878361882e+01
-5.296028721426145580e+01
-5.064495267763548014e+01
-5.144518028810684029e+01
-5.185936547179722567e+01
-5.246104608103388500e+01
-5.248102893042086237e+01
-5.225015032781151803e+01
-5.255746229451734308e+01
-5.273325051011725151e+01
-5.309703997217103932e+01
-5.246758750240993407e+01
-5.237140510257861337e+01
-5.294561757798024360e+01
-5.224934583018381318e+01
-5.283904866684935087e+01
-5.188836037252029598e+01
-5.251560868184013486e+01
-5.203892558291674675e+01
-5.206731130988089973e+01
-5.238327417922516815e+01
-5.248253504859665242e+01
-5.230828103329324108e+01
-5.224967987557749183e+01
-5.179351171110458552e+01
-5.256831008422425100e+01
-5.220042415792237023e+01
-5.232506397075912474e+01
-5.251862693098982504e+01
-5.188570439573145165e+01
-5.280638530890557547e+01
-5.204712140067167780e+01
-5.261578283658129607e+01
-5.145932388271910440e+01
-5.265988761107846727e+01
-5.268451886323875044e+01
-5.254338902541753953e+01
-5.229623541219097405e+01
-5.232432763195868120e+01
-5.250699591743479999e+01
-5.170868000236455231e+01
-5.264282335465878049e+01
-5.159940664164812318e+01
-5.154943863736432519e+01
-5.225300913586291784e+01
-5.239198185314315737e+01
-5.224104522717160393e+01
-5.141701522209133657e+01
-5.266066563894492703e+01
-5.186028411962483631e+01
-5.237743566736526901e+01
-5.280843677120964230e+01
-5.222902439637735483e+01
-5.355202737405420521e+01
-5.205613622153772013e+01
-5.294785890121055871e+01
-5.276897173918184336e+01
-5.219536706717730823e+01
-5.280351026518604840e+01
-5.198037123337365273e+01
-5.221301111004444806e+01
-5.280428014043034324e+01
-5.233913793129010372e+01
-5.256942068272708468e+01
-5.192608155701952910e+01
-5.145908560153969091e+01
-5.200938277661821019e+01
-5.226492912435089266e+01
-5.205554388013197809e+01
-5.270866217417665212e+01
-5.210409479923566067e+01
-5.227763097421000538e+01
-5.154401078829996408e+01
-5.237282747314183950e+01
-5.203483572825995651e+01
-5.253306626443766447e+01
-5.164997859557674076e+01
-5.191575377716238648e+01
-5.240207393456634577e+01
-5.255848633701926786e+01
-5.245451077752470326e+01
-5.217186077118578424e+01
-5.200052709483411917e+01
-5.255055916222315204e+01
-5.169064540998039803e+01
-5.291723708003982551e+01
-5.259838128858180539e+01
-5.178595157937571258e+01
-5.116411311801592632e+01
-5.126324047110139759e+01
-5.256596738459954565e+01
-5.308429133044558768e+01
-5.144724076784834921e+01
-5.150790959273214042e+01
-5.144083858017330613e+01
-5.204018468442618683e+01
-5.268642176438258673e+01
-5.239936327293410301e+01
-5.245848455937672838e+01
-5.146032383069927363e+01
-5.136530937028459221e+01
-5.151193865724584242e+01
-5.200770299601975921e+01
-5.228501534699536535e+01
-5.271874432121958165e+01
-5.209549298722332367e+01
-5.228822504573683716e+01
-5.232458868548968667e+01
-5.272301513882687374e+01
-5.271745044578148764e+01
-5.275811931237848285e+01
-5.279883238297022530e+01
-5.131188524656842986e+01
-5.231423122886112509e+01
-5.228104433757641800e+01
-5.225348338359675893e+01
-5.247950455977496631e+01
-5.185944412772771273e+01
-5.124036130993540894e+01
-5.205867641611624208e+01
-5.241004946751981919e+01
-5.197193368171401318e+01
-5.047100304323338094e+01
-5.226015178548560414e+01
-5.234695336853160086e+01
-5.290640529155716365e+01
-5.194455578527886530e+01
-5.186970536836074785e+01
-5.290830195686769599e+01
-5.211121093859334508e+01
-5.273553081503472129e+01
-5.281965134490717162e+01
-5.284140619443598297e+01
-5.263106558486038011e+01
-5.238344809266877888e+01
-5.249842199587088487e+01
-5.246811761203877467e+01
-5.183811975175599684e+01
-5.156247811913561208e+01
-5.261751275054329824e+01
-5.240774782211718730e+01
-5.236955949728844217e+01
-5.175257323252616004e+01
-5.270150913230386180e+01
-5.134618916700209468e+01
-5.196591066605884635e+01
-5.269846479073596868e+01
-5.188992209476835882e+01
-5.196632004267206639e+01
-5.168970677069329867e+01
-5.280211068617843040e+01
-5.272087343608392018e+01
-5.191943523763967505e+01
-5.261644081104382309e+01
-5.251281850829398934e+01
-5.258618845420610199e+01
-5.210283185378667525e+01
-5.202340248565047176e+01
-5.161173949947318107e+01
-5.194310608768767423e+01
-5.272138779117630492e+01
-5.182170911292018189e+01
-5.161707001418383101e+01
-5.176505350502677771e+01
-5.271213313103076814e+01
-5.190463078941535002e+01
-5.277809003195481807e+01
-5.265808695766911285e+01
-5.282327469946909559e+01
-5.230926300482834534e+01
-5.225785792929386275e+01
-5.199881504193206894e+01
-5.248857235613229477e+01
-5.267400730493056216e+01
-5.219014292344219541e+01
-5.218048539917790407e+01
-5.237339218135019081e+01
-5.247108396785001361e+01
-5.174980948045651985e+01
-5.176251226741210587e+01
-5.215027412434753273e+01
-5.179189799135289007e+01
-5.204439240729442417e+01
-5.152817275631838356e+01
-5.138704185356795051e+01
-5.180941547796643221e+01
-5.238224841680107602e+01
-5.196430842849738241e+01
-5.149445992572763231e+01
-5.112350446204117560e+01
-5.202091160911834322e+01
-5.246551163685150954e+01
-5.192385194117901648e+01
-5.230220367098429790e+01
-5.223152586214202131e+01
-5.220220436341617898e+01
-5.287181572000506691e+01
-5.303854019456794333e+01
-5.188767578194067909e+01
-5.175120118088073440e+01
-5.231856752430687152e+01
-5.143052946243098944e+01
-5.163426258243445233e+01
-5.227673469765473158e+01
-5.307484977377939117e+01
-5.251571171814264716e+01
-5.163057867435711046e+01
-5.294106952162032798e+01
-5.240149812414178854e+01
-5.221045758323358399e+01
-5.147490116832365459e+01
-5.140094231889748499e+01
-5.253770461443410511e+01
-5.256850585586399660e+01
-5.230113079306863000e+01
-5.158390242401583237e+01
-5.229936673023577498e+01
-5.210036895791649414e+01
-5.121310100973160218e+01
-5.156901256418495194e+01
-5.221271813708955989e+01
-5.249288056972836358e+01
-5.254955400618524664e+01
-5.240643251719347973e+01
-5.273732492745871525e+01
-5.248135578529366541e+01
-5.250021751729669006e+01
-5.218463119555421059e+01
-5.131229758376564121e+01
-5.220445276651005173e+01
-5.164978664653136065e+01
-4.829170863241359513e+01
-4.222127839675812311e+01
-4.370439687365957582e+01
-3.830570708949623082e+01
-3.150177995968783051e+01
-1.317476652275283655e+01
-7.904991526484034914e+00
-6.382922104804989338e+00
-5.514420209791928151e+00
-5.724074327987935362e+00
-2.194759794478672976e+00
-2.698683665059064207e+00
-2.012396916390390977e+00
-1.326962822370924124e-04
-1.735177187483855783e-06
-5.932438851850167131e-07
-4.558493865319425166e-06
-1.712849417024199017e+00
-1.410634612970563850e+01
1.547147914934983532e+02
6.093199155048080229e+02
1.702099016510848742e+03
3.587556958357222811e+03
3.815661421010793674e+03
4.502708218862332615e+03
5.015491397435362160e+03
4.927933904108108436e+03
4.727406400095288518e+03
4.647591486087445446e+03
4.612150909233718266e+03
3.996244743941292654e+03
2.913108356744905905e+03
2.992094302694505586e+03
2.472589469773356996e+03
2.285992829259322207e+03
2.504779662679070952e+03
1.701096100781374844e+03
9.629264035359744867e+02
2.193360171736591440e+02
2.607965848243222240e+02
4.248551213062542047e+02
1.178158095320304483e+03
1.251347414007389716e+03
1.863095621812929949e+03
2.363505320027323251e+03
2.748295264720813066e+03
3.080636605756223616e+03
3.092141458817562579e+03
2.524631143764964236e+03
1.749782613054611602e+03
1.565409829538678650e+03
1.047142176648199438e+03
4.790610349943893311e+02
1.142855684742436324e+02
1.023967402956787396e+02
1.054059811147863144e+02
6.373119267026593349e+01
3.392788420800584959e+01
1.393425771650518641e+01
1.099667811143928420e+00
1.629782102874990457e+01
1.017411988507111253e+01
4.150216979552131846e+01
2.232981742902585154e+02
2.573607977744817958e+02
2.732168911552741406e+02
1.836426619874355310e+02
2.711627150099703840e+02
6.429193318446237981e+01
1.641438873209940823e+02
2.414475714651808573e+02
2.523880915351597309e+02
3.253732497312961414e+02
8.238933489882322192e+02
6.996046466861907902e+02
4.861364519509023125e+02
1.478200685673010639e+02
8.308105556237228484e+02
1.016269928802800678e+03
1.177403338313095219e+03
7.207442938045672918e+02
4.526537551385337110e+01
6.554640365577745342e+02
1.161518039063739707e+03
6.601903357358663698e+02
-9.122331487004430528e+00
-2.786406090887232900e-01
-4.546936799678277907e+00
-1.733853254688744983e+01
1.473191886515675186e+01
1.276290400132378551e+02
4.011647662149661073e+02
1.235086303095689964e+01
-4.295016242795526296e+00
-5.854828751284822941e-01
-4.200288231976007758e+00
-1.102569430784600613e+01
2.927554517426264269e+01
-2.345044387494557458e+00
-8.179337314009985649e-01
-1.899298475034926437e+00
2.770865814224268142e+00
1.065092872794417076e+02
2.149615967707823074e+02
4.835839901803429370e+02
7.476095131305766017e+02
7.485101608450603408e+02
7.241403919254390757e+02
6.114688897737354409e+02
6.110689538151972329e+02
9.137866873588988028e+02
8.808485240545783199e+02
7.997518118248218570e+02
6.125010862776464364e+02
3.809230204035176257e+02
1.605729287683240045e+02
1.573719759558751150e+02
1.921885141487991859e+02
2.233550234995080928e+02
3.395899108560676609e+02
3.252084927371956269e+02
1.458710586981768529e+02
9.427967639894559682e+01
2.494135184579649263e+02
3.747626925277041892e+02
9.453564994768106544e+02
1.074200444641562171e+03
1.143499194102754018e+03
1.342491557262636434e+03
1.057843735257874187e+03
3.812369953707847117e+02
6.097789759058238133e+02
1.402629932573654742e+03
9.179891611776140508e+02
1.568390002733961808e+02
7.440433727747861781e+01
-1.365918259088976461e+00
-2.183232064690308949e+00
-2.008457638268442924e+00
2.867560117400265440e+01
-1.470405957882219106e+01
-2.210170262038927191e+01
-4.366525575551029270e+00
8.826315812827732543e+02
3.735439102848636708e+02
7.434001983490308874e+01
8.063681687089649586e+01
3.063915372266689587e+02
3.198141166168839504e+02
1.396526067934031801e+02
4.376506549478683894e+01
1.115439908499177193e+02
6.828968605340283204e+01
1.399775622915796873e+02
1.088593696629697405e+02
7.006809184655838862e+01
3.910590386095276472e+01
8.272365156232936556e+01
4.256535098166372677e+01
3.821142365660103479e+01
2.154182244051590800e+01
4.452955522755422635e+01
5.537376014489094445e+01
7.415715474215051017e+01
1.615652755634267237e+02
3.517902952642653531e+02
1.299399934961522376e+03
1.820774901847403498e+03
2.197910069732794454e+03
2.063790763137752037e+03
2.321740329539269624e+03
2.377122713158090392e+03
2.017935818488138466e+03
1.306801651295472539e+03
8.192880794370524882e+02
4.848465303025188859e+02
7.569061476541011189e+02
7.414101794523563740e+02
3.756741132725472880e+02
4.784600401082973349e+02
3.050200819291668495e+02
1.900316294685017056e+02
2.722743994134442573e+02
2.189561048678636439e+02
1.319709558521987276e+02
2.475508776567835980e+02
2.255767274090406715e+02
2.611945577978106030e+02
3.056069323952079344e+02
3.803328644855926086e+02
3.644396599195226258e+02
4.495507551603743650e+02
4.084567800511934479e+02
5.492616648658353142e+02
6.202961421507217210e+02
1.093743469404926827e+03
1.365653270771226062e+03
1.646097965086301883e+03
1.763633260642398682e+03
1.544561527876416449e+03
1.404141363996211794e+03
1.394712347745576380e+03
1.567586029015592658e+03
1.497033358291331751e+03
1.285753683197486225e+03
1.256117781692709968e+03
1.100044197350118338e+03
